0 0.15
1 0.03
2 0.21
3 0.16
4 0.13
5 0.2
6 0.16
7 0.41
8 0.21
9 0.24
10 0.17
11 0.04
12 0.46
13 0.07
14 0.15
15 0.07
16 0.09
17 0.11
18 0.03
19 0.01
20 0.09
21 0.35
22 0.21
23 0.1
24 0.25
25 0.13
26 0.35
27 0.57
28 0.1
29 0.12
30 0.06
31 0.46
32 0.2
33 0.04
34 0.17
35 0.07
36 0.14
37 0.44
38 0.19
39 0.26
40 0.08
41 0.07
42 0
43 0.33
44 0.23
45 0.21
46 0.03
47 0.11
48 0.07
49 0.07
50 0.11
51 0.16
52 0.41
53 0.12
54 0.1
55 0.18
56 0.15
57 0.27
58 0.26
59 0.23
60 0.07
61 0.04
62 0.1
63 0.13
64 0.11
65 0.04
66 0.32
67 0.19
68 0.24
69 0.17
70 0.65
71 0.17
72 0.22
73 0.25
74 0.1
75 0.1
76 0.11
77 0.09
78 0.36
79 0.06
80 0.28
81 0.13
82 0.09
83 0.14
84 0.09
85 0.08
86 0.16
87 0.14
88 0.05
89 0.17
90 0.05
91 0.09
92 0
93 0.12
94 0.15
95 0.06
96 0.1
97 0.3
98 0.06
99 0.15
100 0.03
101 0.19
102 0.03
103 0
104 0.13
105 0.07
106 0.08
107 0.13
108 0.32
109 0.1
110 0.26
111 0.32
112 0.12
113 0.03
114 0.06
115 0.21
116 0.13
117 0.15
118 0.15
119 0.06
120 0.04
121 0.16
122 0.42
123 0.29
124 0.24
125 0.24
126 0.15
127 0.22
128 0.13
129 0.09
130 0.17
131 0.32
132 0.21
133 0.1
134 0.06
135 0.07
136 0.14
137 0.43
138 0.07
139 0.29
140 0.07
141 0.25
142 0.08
143 0.32
144 0.06
145 0.13
146 0.19
147 0.15
148 0.08
149 0.17
150 0.03
151 0.15
152 0.08
153 0.26
154 0.16
155 0.17
156 0.11
157 0.07
158 0.1
159 0.12
160 0.07
161 0.42
162 0.16
163 0.1
164 0.33
165 0.34
166 0.22
167 0.35
168 0.29
169 0.18
170 0.24
171 0.22
172 0.06
173 0.22
174 0.52
175 0.13
176 0.26
177 0.05
178 0.09
179 0.36
180 0.1
181 0.16
182 0.21
183 0.19
184 0.21
185 0.02
186 0.2
187 0.14
188 0.22
189 0.08
190 0.2
191 0.15
192 0.08
193 0.21
194 0.1
195 0.07
196 0.16
197 0.12
198 0.26
199 0.19
200 0.1
201 0.1
202 0.32
203 0.43
204 0.2
205 0.27
206 0.16
207 0.15
208 0.07
209 0.05
210 0.18
211 0.12
212 0.27
213 0.31
214 0.27
215 0.11
216 0.14
217 0.42
218 0.18
219 0
220 0.02
221 0.34
222 0.13
223 0.27
224 0.29
225 0.17
226 0.19
227 0.04
228 0.08
229 0.57
230 0.19
231 0.08
232 0.36
233 0.13
234 0.02
235 0.15
236 0.23
237 0.22
238 0.68
239 0.28
240 0.1
241 0.07
242 0
243 0.1
244 0.11
245 0.15
246 0.29
247 0.28
248 0.13
249 0.38
250 0.69
251 0
252 0.22
253 0.5
254 0.04
255 0.06
256 0.14
257 0.19
258 0.19
259 0.18
260 0.14
261 0.06
262 0.04
263 0.16
264 0.22
265 0.14
266 0.25
267 0.11
268 0.04
269 0.15
270 0.36
271 0.08
272 0.18
273 0.03
274 0.18
275 0.13
276 0.09
277 0.28
278 0.18
279 0.07
280 0.11
281 0.25
282 0.61
283 0.03
284 0.28
285 0.14
286 0.26
287 0.08
288 0.13
289 0.13
290 0.18
291 0.13
292 0.37
293 0.25
294 0.13
295 0.18
296 0.22
297 0.17
298 0.1
299 0.32
300 0
301 0.05
302 0.06
303 0.07
304 0.29
305 0.35
306 0.22
307 0.12
308 0.16
309 0.16
310 0.43
311 0.13
312 0.04
313 0.26
314 0.34
315 0.18
316 0.13
317 0.17
318 0.04
319 0.36
320 0.15
321 0.28
322 0.41
323 0.05
324 0.17
325 0.3
326 0.24
327 0.05
328 0.35
329 0.09
330 0.16
331 0.25
332 0.37
333 0.26
334 0.4
335 0.29
336 0.11
337 0.3
338 0.03
339 0.04
340 0.07
341 0.05
342 0.12
343 0.11
344 0.15
345 0.05
346 0.07
347 0.16
348 0.03
349 0.14
350 0.11
351 0.16
352 0.21
353 0.04
354 0.09
355 0.27
356 0.25
357 0.05
358 0.24
359 0.31
360 0.05
361 0.24
362 0.04
363 0.12
364 0.1
365 0.17
366 0.07
367 0.37
368 0.26
369 0.13
370 0.11
371 0.23
372 0.5
373 0.29
374 0.15
375 0.07
376 0.28
377 0.07
378 0.14
379 0.26
380 0.06
381 0.17
382 0.19
383 0
384 0.16
385 0.17
386 0.33
387 0.05
388 0.02
389 0.27
390 0.4
391 0.21
392 0.33
393 0.02
394 0.17
395 0.34
396 0.22
397 0.05
398 0.38
399 0.55
400 0.41
401 0.25
402 0.1
403 0.41
404 0.1
405 0.29
406 0.18
407 0.1
408 0.08
409 0.15
410 0.1
411 0.02
412 0.33
413 0.65
414 0.17
415 0.61
416 0.08
417 0.11
418 0.08
419 0.36
420 0.18
421 0.16
422 0.35
423 0.18
424 0.11
425 0.25
426 0.42
427 0.12
428 0.15
429 0.25
430 0.21
431 0.07
432 0.1
433 0.21
434 0.12
435 0.1
436 0.21
437 0.27
438 0.07
439 0.08
440 0
441 0.35
442 0.14
443 0.1
444 0.01
445 0.08
446 0.14
447 0
448 0.22
449 0.02
450 0.36
451 0.13
452 0.14
453 0.2
454 0.3
455 0.19
456 0.24
457 0.41
458 0.23
459 0.13
460 0.26
461 0.08
462 0.22
463 0.01
464 0.11
465 0.22
466 0.2
467 0.46
468 0.09
469 0.24
470 0.35
471 0.14
472 0.19
473 0.28
474 0.12
475 0.26
476 0.05
477 0.1
478 0.36
479 0.41
480 0.57
481 0.11
482 0.12
483 0.16
484 0.07
485 0.34
486 0.14
487 0.08
488 0.1
489 0.1
490 0.48
491 0.13
492 0.06
493 0.71
494 0.1
495 0.27
496 0.12
497 0.26
498 0.33
499 0.18
500 0.21
501 0.34
502 0.2
503 0.18
504 0.24
505 0.05
506 0.3
507 0.01
508 0.28
509 0.18
510 0.03
511 0.37
512 0.12
513 0.02
514 0.05
515 0.23
516 0.23
517 0.11
518 0.34
519 0.16
520 0.09
521 0.29
522 0.41
523 0.05
524 0.18
525 0.32
526 0.45
527 0.22
528 0.39
529 0.07
530 0.06
531 0.08
532 0.33
533 0.09
534 0.26
535 0.34
536 0.1
537 0.02
538 0.21
539 0.27
540 0.37
541 0.51
542 0.16
543 0.24
544 0.2
545 0.07
546 0.25
547 0.07
548 0.09
549 0.24
550 0.18
551 0.13
552 0.07
553 0.22
554 0.24
555 0.5
556 0.61
557 0.09
558 0.11
559 0.22
560 0.2
561 0.08
562 0.1
563 0.38
564 0.13
565 0.23
566 0.42
567 0.08
568 0.14
569 0.22
570 0.09
571 0.25
572 0.27
573 0.25
574 0.06
575 0.18
576 0.27
577 0.46
578 0.21
579 0.18
580 0.1
581 0.32
582 0.04
583 0.09
584 0.06
585 0.35
586 0.4
587 0.07
588 0.29
589 0.11
590 0.06
591 0.05
592 0.04
593 0.09
594 0.34
595 0.09
596 0.33
597 0.16
598 0.14
599 0.36
600 0.36
601 0.22
602 0.15
603 0.14
604 0.06
605 0.26
606 0.07
607 0.04
608 0.27
609 0.16
610 0.19
611 0.35
612 0.31
613 0.02
614 0.17
615 0.13
616 0.22
617 0.2
618 0.37
619 0.11
620 0.16
621 0.1
622 0.24
623 0.09
624 0.13
625 0.24
626 0.08
627 0.03
628 0.15
629 0.13
630 0
631 0.05
632 0.25
633 0.2
634 0.15
635 0.16
636 0.12
637 0.03
638 0.09
639 0.08
640 0.21
641 0.05
642 0.07
643 0.2
644 0.03
645 0.07
646 0.32
647 0.11
648 0.49
649 0.26
650 0.46
651 0.32
652 0.07
653 0.05
654 0.2
655 0.32
656 0.19
657 0.03
658 0.15
659 0.09
660 0.01
661 0.11
662 0.35
663 0.18
664 0
665 0.21
666 0.38
667 0.27
668 0.08
669 0.23
670 0.25
671 0.23
672 0.18
673 0.26
674 0.2
675 0.07
676 0.1
677 0.26
678 0.22
679 0.21
680 0.07
681 0.13
682 0.15
683 0.14
684 0.27
685 0.14
686 0.14
687 0.1
688 0.17
689 0.08
690 0.28
691 0.46
692 0.27
693 0.1
694 0.2
695 0.1
696 0.08
697 0.06
698 0.2
699 0.05
700 0.11
701 0.14
702 0.09
703 0.17
704 0.42
705 0.21
706 0.08
707 0.02
708 0.24
709 0.22
710 0.17
711 0.16
712 0.13
713 0
714 0.04
715 0.18
716 0.42
717 0.1
718 0.08
719 0.12
720 0.27
721 0.07
722 0.26
723 0.46
724 0.08
725 0.1
726 0.37
727 0.21
728 0.16
729 0.35
730 0.04
731 0.07
732 0.05
733 0.41
734 0.14
735 0.27
736 0.03
737 0.12
738 0.23
739 0.1
740 0.22
741 0.42
742 0.14
743 0.2
744 0.2
745 0.04
746 0.04
747 0.06
748 0.08
749 0.11
750 0.14
751 0.37
752 0.25
753 0.14
754 0.24
755 0.4
756 0.16
757 0.15
758 0.25
759 0.26
760 0.13
761 0.09
762 0.04
763 0.27
764 0.17
765 0.17
766 0.01
767 0.22
768 0.1
769 0.59
770 0.08
771 0.07
772 0.26
773 0.25
774 0.34
775 0.12
776 0.24
777 0.29
778 0.3
779 0.04
780 0.27
781 0.12
782 0.12
783 0.1
784 0.08
785 0.16
786 0.11
787 0.26
788 0.28
789 0.02
790 0.04
791 0.23
792 0.17
793 0.05
794 0.13
795 0.08
796 0.13
797 0.33
798 0.16
799 0.05
800 0.12
801 0.17
802 0.04
803 0.08
804 0.31
805 0.1
806 0
807 0.16
808 0.48
809 0.43
810 0.37
811 0.03
812 0.2
813 0.1
814 0.47
815 0.29
816 0.2
817 0
818 0
819 0.22
820 0.09
821 0.11
822 0.12
823 0.16
824 0.13
825 0.18
826 0.16
827 0.23
828 0.03
829 0.19
830 0.18
831 0.15
832 0.19
833 0.3
834 0.18
835 0.11
836 0.25
837 0.19
838 0.32
839 0.05
840 0.07
841 0.08
842 0.41
843 0.06
844 0.09
845 0.28
846 0.07
847 0.21
848 0.14
849 0.1
850 0.17
851 0.41
852 0.14
853 0.12
854 0.2
855 0.25
856 0.3
857 0.21
858 0.24
859 0.69
860 0.11
861 0.17
862 0.09
863 0.03
864 0.64
865 0.39
866 0.08
867 0.08
868 0.12
869 0.06
870 0.18
871 0.11
872 0.18
873 0.39
874 0.4
875 0.25
876 0.2
877 0.05
878 0.09
879 0.27
880 0.38
881 0.09
882 0.28
883 0.27
884 0.25
885 0.37
886 0.28
887 0.11
888 0.27
889 0.35
890 0.4
891 0.31
892 0.08
893 0.2
894 0.12
895 0.42
896 0.16
897 0.37
898 0.16
899 0.04
900 0.34
901 0.32
902 0.06
903 0.09
904 0
905 0.21
906 0.11
907 0.06
908 0.19
909 0.22
910 0.49
911 0.4
912 0.11
913 0.14
914 0.1
915 0.33
916 0.28
917 0.14
918 0.14
919 0.2
920 0.21
921 0.62
922 0.08
923 0.11
924 0.09
925 0.14
926 0.18
927 0.28
928 0.41
929 0.04
930 0.32
931 0.12
932 0.22
933 0.42
934 0.35
935 0.13
936 0.02
937 0.13
938 0.1
939 0.36
940 0.4
941 0.07
942 0.31
943 0.43
944 0.13
945 0.17
946 0.06
947 0.21
948 0.19
949 0.24
950 0.25
951 0.33
952 0.44
953 0.16
954 0.03
955 0.17
956 0.59
957 0.56
958 0.31
959 0.09
960 0.19
961 0.4
962 0
963 0.17
964 0.25
965 0.27
966 0.2
967 0.13
968 0.08
969 0.2
970 0.14
971 0.52
972 0.35
973 0.04
974 0.27
975 0.07
976 0.12
977 0.17
978 0.04
979 0.13
980 0.2
981 0.26
982 0.07
983 0.36
984 0.03
985 0.15
986 0.09
987 0.15
988 0.01
989 0.47
990 0.25
991 0.14
992 0.08
993 0.21
994 0.23
995 0.04
996 0.14
997 0.32
998 0.15
999 0.31
1000 0.18
1001 0.41
1002 0.19
1003 0.12
1004 0.2
1005 0.01
1006 0.32
1007 0.27
1008 0.39
1009 0.19
1010 0.15
1011 0.16
1012 0.1
1013 0.1
1014 0.23
1015 0.04
1016 0.21
1017 0.23
1018 0.23
1019 0.07
1020 0.11
1021 0.13
1022 0.44
1023 0
1024 0.17
1025 0.1
1026 0.19
1027 0.01
1028 0.06
1029 0.3
1030 0.14
1031 0.07
1032 0.2
1033 0.05
1034 0.38
1035 0.23
1036 0.24
1037 0.22
1038 0.21
1039 0.02
1040 0.45
1041 0.08
1042 0.27
1043 0.45
1044 0.27
1045 0.2
1046 0.16
1047 0.18
1048 0.5
1049 0.13
1050 0.2
1051 0.11
1052 0.2
1053 0.12
1054 0.19
1055 0.21
1056 0.05
1057 0.15
1058 0.44
1059 0.36
1060 0.14
1061 0.35
1062 0.22
1063 0.31
1064 0.09
1065 0.03
1066 0.15
1067 0.15
1068 0
1069 0.13
1070 0.14
1071 0.11
1072 0.17
1073 0.3
1074 0.07
1075 0.24
1076 0.17
1077 0.23
1078 0.23
1079 0.4
1080 0.23
1081 0.31
1082 0.17
1083 0.27
1084 0.26
1085 0.29
1086 0.06
1087 0.19
1088 0.29
1089 0.26
1090 0.19
1091 0.05
1092 0.18
1093 0.3
1094 0.04
1095 0.13
1096 0.12
1097 0.09
1098 0.18
1099 0.11
1100 0.1
1101 0.21
1102 0.6
1103 0.08
1104 0.4
1105 0.12
1106 0.09
1107 0.13
1108 0.08
1109 0.12
1110 0.27
1111 0.09
1112 0.13
1113 0.18
1114 0.13
1115 0.12
1116 0.13
1117 0.12
1118 0.16
1119 0.4
1120 0.18
1121 0.25
1122 0.37
1123 0.1
1124 0.36
1125 0.24
1126 0.34
1127 0.29
1128 0.2
1129 0.44
1130 0.04
1131 0.05
1132 0.07
1133 0.1
1134 0.07
1135 0.39
1136 0.32
1137 0.06
1138 0.11
1139 0.2
1140 0.07
1141 0.08
1142 0.22
1143 0.12
1144 0.16
1145 0.21
1146 0.29
1147 0.35
1148 0.35
1149 0.15
1150 0.19
1151 0.1
1152 0.4
1153 0.09
1154 0.03
1155 0.13
1156 0.12
1157 0.15
1158 0.07
1159 0.17
1160 0.37
1161 0.15
1162 0.3
1163 0.44
1164 0.11
1165 0.15
1166 0.17
1167 0.26
1168 0.19
1169 0.06
1170 0.12
1171 0.33
1172 0.23
1173 0.06
1174 0.38
1175 0.26
1176 0.06
1177 0.14
1178 0.43
1179 0.08
1180 0.09
1181 0.24
1182 0.26
1183 0.16
1184 0.02
1185 0.45
1186 0.08
1187 0.05
1188 0.1
1189 0.09
1190 0.1
1191 0.13
1192 0.32
1193 0.12
1194 0.25
1195 0.09
1196 0.07
1197 0.25
1198 0.13
1199 0.16
1200 0.04
1201 0.05
1202 0.14
1203 0.06
1204 0.14
1205 0.41
1206 0.1
1207 0.14
1208 0.06
1209 0.22
1210 0.08
1211 0.05
1212 0.28
1213 0.12
1214 0.2
1215 0.08
1216 0.37
1217 0.15
1218 0.3
1219 0.29
1220 0.05
1221 0.32
1222 0.09
1223 0.16
1224 0.24
1225 0.41
1226 0.07
1227 0.11
1228 0.25
1229 0.06
1230 0.15
1231 0.08
1232 0.03
1233 0.09
1234 0.03
1235 0.33
1236 0.09
1237 0.12
1238 0.17
1239 0.22
1240 0.39
1241 0.15
1242 0.38
1243 0.17
1244 0.23
1245 0.22
1246 0.31
1247 0.13
1248 0.05
1249 0.35
1250 0.11
1251 0.08
1252 0.2
1253 0.13
1254 0.08
1255 0.41
1256 0.51
1257 0.11
1258 0.17
1259 0.15
1260 0.17
1261 0.1
1262 0.35
1263 0.08
1264 0.09
1265 0.04
1266 0.14
1267 0.32
1268 0.22
1269 0.14
1270 0.18
1271 0.15
1272 0.1
1273 0.04
1274 0.35
1275 0.2
1276 0.16
1277 0.15
1278 0.08
1279 0.01
1280 0.19
1281 0
1282 0.13
1283 0.25
1284 0.08
1285 0.2
1286 0.18
1287 0.15
1288 0.25
1289 0.33
1290 0
1291 0.52
1292 0.66
1293 0.15
1294 0.23
1295 0.4
1296 0.43
1297 0.12
1298 0.04
1299 0.19
1300 0.35
1301 0.12
1302 0.13
1303 0.05
1304 0.26
1305 0.17
1306 0.07
1307 0.28
1308 0.18
1309 0.16
1310 0.29
1311 0.11
1312 0.25
1313 0.09
1314 0.08
1315 0.22
1316 0.29
1317 0.18
1318 0.19
1319 0.35
1320 0.04
1321 0.24
1322 0.43
1323 0.04
1324 0.14
1325 0.19
1326 0.19
1327 0.06
1328 0.15
1329 0.12
1330 0.79
1331 0.16
1332 0.06
1333 0.1
1334 0.17
1335 0.19
1336 0.13
1337 0.12
1338 0.28
1339 0.2
1340 0.06
1341 0.14
1342 0.05
1343 0.23
1344 0.15
1345 0.36
1346 0.11
1347 0.19
1348 0.21
1349 0.12
1350 0.24
1351 0.05
1352 0.25
1353 0.15
1354 0.07
1355 0.56
1356 0.24
1357 0.22
1358 0.2
1359 0.1
1360 0.21
1361 0.34
1362 0.08
1363 0.1
1364 0.15
1365 0.44
1366 0.12
1367 0.13
1368 0.29
1369 0.24
1370 0.25
1371 0.32
1372 0.15
1373 0.09
1374 0.22
1375 0.49
1376 0.09
1377 0.37
1378 0.11
1379 0
1380 0.02
1381 0.08
1382 0.09
1383 0.13
1384 0.02
1385 0.08
1386 0.41
1387 0.12
1388 0.62
1389 0.24
1390 0.04
1391 0.16
1392 0.34
1393 0.13
1394 0.12
1395 0.17
1396 0.04
1397 0.33
1398 0.16
1399 0.03
1400 0.37
1401 0.1
1402 0.04
1403 0.1
1404 0.16
1405 0.24
1406 0.13
1407 0.4
1408 0.05
1409 0.22
1410 0.17
1411 0.08
1412 0.04
1413 0.11
1414 0.1
1415 0.07
1416 0.03
1417 0.17
1418 0.62
1419 0.08
1420 0.16
1421 0.23
1422 0.1
1423 0.13
1424 0.07
1425 0.27
1426 0.11
1427 0.2
1428 0.29
1429 0.21
1430 0.12
1431 0.07
1432 0.2
1433 0.1
1434 0.11
1435 0.59
1436 0.23
1437 0.04
1438 0.05
1439 0.13
1440 0.39
1441 0.16
1442 0.13
1443 0.28
1444 0.34
1445 0.08
1446 0.14
1447 0.07
1448 0.1
1449 0.06
1450 0.23
1451 0.15
1452 0.08
1453 0.09
1454 0.22
1455 0.25
1456 0.13
1457 0.1
1458 0.34
1459 0.19
1460 0.05
1461 0.03
1462 0.17
1463 0.2
1464 0.1
1465 0.24
1466 0.36
1467 0.01
1468 0.11
1469 0.28
1470 0.09
1471 0.1
1472 0.32
1473 0.14
1474 0.16
1475 0.08
1476 0.33
1477 0.12
1478 0.17
1479 0.27
1480 0.11
1481 0.15
1482 0.21
1483 0.22
1484 0.32
1485 0.18
1486 0.19
1487 0.12
1488 0.04
1489 0.05
1490 0.17
1491 0.09
1492 0.12
1493 0.1
1494 0.08
1495 0.15
1496 0.29
1497 0.04
1498 0.04
1499 0.32
1500 0.12
1501 0.15
1502 0.15
1503 0.28
1504 0.17
1505 0.15
1506 0.03
1507 0.07
1508 0.12
1509 0.15
1510 0.08
1511 0.08
1512 0.39
1513 0.14
1514 0.1
1515 0.23
1516 0.13
1517 0.29
1518 0.17
1519 0.15
1520 0.27
1521 0.04
1522 0.31
1523 0.03
1524 0.12
1525 0.05
1526 0.25
1527 0.03
1528 0.1
1529 0.09
1530 0.09
1531 0.05
1532 0.65
1533 0.19
1534 0.04
1535 0.15
1536 0.06
1537 0.08
1538 0.61
1539 0.11
1540 0.15
1541 0.14
1542 0.19
1543 0.13
1544 0.13
1545 0.11
1546 0.18
1547 0.15
1548 0.04
1549 0.1
1550 0.13
1551 0.18
1552 0.18
1553 0.25
1554 0.26
1555 0.06
1556 0.09
1557 0.04
1558 0.23
1559 0.16
1560 0.24
1561 0.01
1562 0.26
1563 0.11
1564 0.11
1565 0.11
1566 0.14
1567 0.06
1568 0.03
1569 0.41
1570 0.27
1571 0.35
1572 0.16
1573 0.24
1574 0.27
1575 0.01
1576 0.14
1577 0.28
1578 0.02
1579 0.2
1580 0.14
1581 0.3
1582 0.27
1583 0.27
1584 0.13
1585 0.29
1586 0.04
1587 0.31
1588 0.2
1589 0.13
1590 0.07
1591 0.23
1592 0.28
1593 0.17
1594 0.22
1595 0.09
1596 0.17
1597 0.42
1598 0.04
1599 0.05
1600 0.31
1601 0.09
1602 0.09
1603 0.06
1604 0.15
1605 0.1
1606 0.06
1607 0.28
1608 0.23
1609 0.04
1610 0.34
1611 0.14
1612 0.22
1613 0.01
1614 0.4
1615 0.19
1616 0.04
1617 0.15
1618 0.25
1619 0.51
1620 0.18
1621 0.15
1622 0.02
1623 0.16
1624 0.12
1625 0.06
1626 0.24
1627 0.07
1628 0.06
1629 0.29
1630 0.41
1631 0.2
1632 0.36
1633 0.29
1634 0.32
1635 0.07
1636 0.1
1637 0.26
1638 0.13
1639 0.1
1640 0.01
1641 0.19
1642 0.18
1643 0.24
1644 0.02
1645 0.29
1646 0.04
1647 0.62
1648 0.19
1649 0.13
1650 0.08
1651 0.4
1652 0.08
1653 0.24
1654 0.2
1655 0.08
1656 0.05
1657 0.16
1658 0.09
1659 0.21
1660 0.19
1661 0.04
1662 0.17
1663 0.12
1664 0.19
1665 0.34
1666 0
1667 0.2
1668 0.07
1669 0.15
1670 0.09
1671 0.23
1672 0.2
1673 0.28
1674 0.19
1675 0.47
1676 0.18
1677 0
1678 0.14
1679 0.18
1680 0.14
1681 0.27
1682 0.09
1683 0.11
1684 0.33
1685 0.28
1686 0
1687 0.08
1688 0.15
1689 0.29
1690 0.23
1691 0.18
1692 0.13
1693 0.15
1694 0.31
1695 0.3
1696 0.07
1697 0.04
1698 0.14
1699 0.07
1700 0.4
1701 0.14
1702 0.15
1703 0.21
1704 0.27
1705 0.03
1706 0.17
1707 0.02
1708 0.16
1709 0.12
1710 0.04
1711 0.2
1712 0.33
1713 0.12
1714 0.08
1715 0.14
1716 0.05
1717 0.17
1718 0.4
1719 0.17
1720 0.38
1721 0.21
1722 0.41
1723 0.04
1724 0.51
1725 0.17
1726 0.05
1727 0.25
1728 0.38
1729 0.36
1730 0.29
1731 0.09
1732 0.16
1733 0.05
1734 0.07
1735 0.37
1736 0.37
1737 0.24
1738 0.1
1739 0.21
1740 0.28
1741 0.07
1742 0.18
1743 0.09
1744 0.03
1745 0.02
1746 0.11
1747 0.28
1748 0
1749 0.25
1750 0.3
1751 0.1
1752 0.09
1753 0.35
1754 0.14
1755 0.11
1756 0.07
1757 0.02
1758 0.15
1759 0.15
1760 0.32
1761 0.08
1762 0.02
1763 0.24
1764 0.17
1765 0.19
1766 0.09
1767 0.11
1768 0.03
1769 0.05
1770 0.28
1771 0.07
1772 0.5
1773 0.2
1774 0.01
1775 0.18
1776 0.07
1777 0.05
1778 0.26
1779 0.07
1780 0.08
1781 0.12
1782 0.28
1783 0.22
1784 0.27
1785 0.57
1786 0.1
1787 0.03
1788 0.15
1789 0.07
1790 0.11
1791 0.25
1792 0.17
1793 0.13
1794 0.24
1795 0.02
1796 0.04
1797 0.22
1798 0.17
1799 0.14
1800 0.15
1801 0.08
1802 0.51
1803 0.15
1804 0.07
1805 0.12
1806 0.41
1807 0.07
1808 0.22
1809 0.16
1810 0.16
1811 0.22
1812 0.06
1813 0.23
1814 0.11
1815 0.16
1816 0.27
1817 0.1
1818 0.02
1819 0.09
1820 0.33
1821 0.12
1822 0.27
1823 0.44
1824 0.13
1825 0.05
1826 0.32
1827 0.05
1828 0.32
1829 0.24
1830 0.2
1831 0.5
1832 0.47
1833 0.49
1834 0.43
1835 0.31
1836 0.14
1837 0.22
1838 0.14
1839 0.13
1840 0.25
1841 0.34
1842 0.05
1843 0.47
1844 0.21
1845 0.24
1846 0.11
1847 0.09
1848 0.2
1849 0.05
1850 0.27
1851 0.34
1852 0.07
1853 0.11
1854 0.13
1855 0.13
1856 0.19
1857 0.08
1858 0.12
1859 0.16
1860 0.08
1861 0.29
1862 0.11
1863 0.03
1864 0.05
1865 0.4
1866 0.21
1867 0.2
1868 0.04
1869 0.25
1870 0.09
1871 0.34
1872 0.57
1873 0.22
1874 0.13
1875 0
1876 0.04
1877 0.09
1878 0.42
1879 0.15
1880 0.28
1881 0.03
1882 0.13
1883 0.21
1884 0.12
1885 0.27
1886 0.03
1887 0.17
1888 0.11
1889 0.08
1890 0.18
1891 0.27
1892 0.05
1893 0.71
1894 0.16
1895 0.33
1896 0.24
1897 0.09
1898 0.27
1899 0.04
1900 0.28
1901 0.02
1902 0.26
1903 0.03
1904 0.14
1905 0.1
1906 0.12
1907 0.09
1908 0.34
1909 0.34
1910 0.32
1911 0.14
1912 0.15
1913 0.14
1914 0.28
1915 0.42
1916 0.08
1917 0.11
1918 0.1
1919 0.13
1920 0.14
1921 0.09
1922 0.23
1923 0.19
1924 0.37
1925 0.4
1926 0.08
1927 0.45
1928 0.15
1929 0.2
1930 0.12
1931 0.08
1932 0.18
1933 0.15
1934 0.22
1935 0.23
1936 0.06
1937 0.11
1938 0.08
1939 0.18
1940 0.06
1941 0.14
1942 0.03
1943 0.06
1944 0.15
1945 0.19
1946 0.26
1947 0.25
1948 0.49
1949 0.28
1950 0.22
1951 0.31
1952 0.23
1953 0.17
1954 0.11
1955 0.32
1956 0.04
1957 0.22
1958 0.54
1959 0.14
1960 0.16
1961 0.15
1962 0.04
1963 0.31
1964 0.21
1965 0.14
1966 0.15
1967 0.03
1968 0.09
1969 0.05
1970 0.15
1971 0.6
1972 0.11
1973 0.24
1974 0.34
1975 0.11
1976 0.06
1977 0.2
1978 0.17
1979 0.23
1980 0.19
1981 0.2
1982 0.15
1983 0.05
1984 0.16
1985 0.26
1986 0.24
1987 0.09
1988 0.24
1989 0.1
1990 0.09
1991 0.2
1992 0.13
1993 0.27
1994 0.09
1995 0.08
1996 0.24
1997 0.19
1998 0.04
1999 0.08
2000 0.25
2001 0.23
2002 0
2003 0.16
2004 0.07
2005 0.26
2006 0.13
2007 0.01
2008 0.32
2009 0.43
2010 0.31
2011 0.28
2012 0.22
2013 0.3
2014 0.06
2015 0.14
2016 0.18
2017 0.24
2018 0.12
2019 0.12
2020 0.29
2021 0.27
2022 0.33
2023 0.03
2024 0.04
2025 0.36
2026 0.11
2027 0.35
2028 0.03
2029 0.25
2030 0.16
2031 0.43
2032 0.12
2033 0.4
2034 0.2
2035 0.29
2036 0.05
2037 0.1
2038 0.2
2039 0.13
2040 0.1
2041 0.1
2042 0.37
2043 0.07
2044 0.15
2045 0.22
2046 0.11
2047 0.31
2048 0.61
2049 0.47
2050 0.34
2051 0.24
2052 0.17
2053 0.19
2054 0.29
2055 0.19
2056 0.11
2057 0.1
2058 0.24
2059 0.15
2060 0.21
2061 0.21
2062 0.53
2063 0.11
2064 0.16
2065 0.04
2066 0.05
2067 0.14
2068 0.5
2069 0.05
2070 0.13
2071 0.27
2072 0.02
2073 0.24
2074 0.31
2075 0.08
2076 0.28
2077 0.18
2078 0.15
2079 0.1
2080 0.16
2081 0.34
2082 0.27
2083 0.21
2084 0.15
2085 0.07
2086 0.08
2087 0.22
2088 0.17
2089 0.26
2090 0.15
2091 0.33
2092 0.13
2093 0.27
2094 0.02
2095 0.05
2096 0.14
2097 0.19
2098 0.27
2099 0.49
2100 0.26
2101 0.12
2102 0.2
2103 0.36
2104 0.23
2105 0.2
2106 0.34
2107 0.35
2108 0.18
2109 0.1
2110 0.33
2111 0.25
2112 0.18
2113 0.01
2114 0.08
2115 0.61
2116 0.21
2117 0.22
2118 0.13
2119 0.18
2120 0.12
2121 0.36
2122 0.13
2123 0.14
2124 0.17
2125 0.02
2126 0.33
2127 1
2128 0.18
2129 0.1
2130 0.32
2131 0.18
2132 0.44
2133 0.11
2134 0.19
2135 0.11
2136 0.31
2137 0.09
2138 0.05
2139 0.06
2140 0.06
2141 0.06
2142 0.1
2143 0.13
2144 0.11
2145 0.05
2146 0.07
2147 0.11
2148 0.19
2149 0.04
2150 0.19
2151 0.27
2152 0.36
2153 0.18
2154 0.2
2155 0.08
2156 0.16
2157 0.03
2158 0.16
2159 0.24
2160 0.19
2161 0.06
2162 0.1
2163 0.08
2164 0.06
2165 0.43
2166 0.1
2167 0.08
2168 0.03
2169 0.15
2170 0.32
2171 0.13
2172 0.08
2173 0.04
2174 0.42
2175 0.53
2176 0.18
2177 0.11
2178 0.15
2179 0.08
2180 0.49
2181 0.04
2182 0.25
2183 0.21
2184 0.29
2185 0.14
2186 0.13
2187 0.04
2188 0.33
2189 0.12
2190 0.13
2191 0.3
2192 0.14
2193 0.1
2194 0.02
2195 0.03
2196 0.19
2197 0.15
2198 0.17
2199 0.11
2200 0.18
2201 0.12
2202 0.07
2203 0.19
2204 0.39
2205 0.15
2206 0.22
2207 0.1
2208 0.44
2209 0.25
2210 0.2
2211 0.1
2212 0.11
2213 0.13
2214 0.1
2215 0.05
2216 0
2217 0.26
2218 0.33
2219 0.21
2220 0.01
2221 0.2
2222 0.27
2223 0.13
2224 0.22
2225 0.15
2226 0.21
2227 0.39
2228 0.09
2229 0.22
2230 0.27
2231 0.17
2232 0.01
2233 0.04
2234 0.12
2235 0.05
2236 0.19
2237 0.46
2238 0.23
2239 0.11
2240 0.35
2241 0.13
2242 0.23
2243 0.37
2244 0.11
2245 0.15
2246 0
2247 0.29
2248 0.16
2249 0.11
2250 0.32
2251 0.07
2252 0.26
2253 0.36
2254 0.17
2255 0.26
2256 0.16
2257 0.29
2258 0.36
2259 0.26
2260 0.14
2261 0.06
2262 0.27
2263 0.45
2264 0.3
2265 0.26
2266 0.29
2267 0.09
2268 0.23
2269 0.15
2270 0.14
2271 0.35
2272 0.16
2273 0.22
2274 0.21
2275 0.15
2276 0.14
2277 0.56
2278 0.19
2279 0.13
2280 0.19
2281 0.19
2282 0.25
2283 0.33
2284 0.42
2285 0.1
2286 0.19
2287 0.32
2288 0.51
2289 0.07
2290 0.21
2291 0.3
2292 0.18
2293 0.15
2294 0.03
2295 0.1
2296 0.38
2297 0.24
2298 0.2
2299 0.21
2300 0.18
2301 0.21
2302 0.02
2303 0.13
2304 0.07
2305 0.43
2306 0.14
2307 0.26
2308 0.13
2309 0.18
2310 0.03
2311 0.33
2312 0.64
2313 0.12
2314 0.29
2315 0.19
2316 0.06
2317 0.21
2318 0.33
2319 0.32
2320 0.2
2321 0.03
2322 0.06
2323 0.77
2324 0.2
2325 0.1
2326 0.08
2327 0.11
2328 0.2
2329 0.08
2330 0.23
2331 0.26
2332 0.4
2333 0.19
2334 0.1
2335 0.17
2336 0.16
2337 0.01
2338 0.23
2339 0.33
2340 0.39
2341 0.26
2342 0.16
2343 0.18
2344 0.02
2345 0.32
2346 0.22
2347 0.08
2348 0.18
2349 0.26
2350 0.24
2351 0.19
2352 0.08
2353 0.33
2354 0.05
2355 0.07
2356 0.45
2357 0.13
2358 0.12
2359 0.21
2360 0.19
2361 0.31
2362 0.61
2363 0.15
2364 0.23
2365 0.23
2366 0.15
2367 0.26
2368 0.05
2369 0.18
2370 0.11
2371 0.17
2372 0.19
2373 0.06
2374 0.04
2375 0.32
2376 0.11
2377 0.28
2378 0.14
2379 0.25
2380 0.13
2381 0.25
2382 0.44
2383 0.19
2384 0.53
2385 0.27
2386 0.22
2387 0.09
2388 0.19
2389 0.43
2390 0.29
2391 0.3
2392 0.12
2393 0.29
2394 0.25
2395 0.19
2396 0.23
2397 0
2398 0.07
2399 0.07
2400 0.22
2401 0.23
2402 0.05
2403 0.27
2404 0.21
2405 0.34
2406 0.13
2407 0.13
2408 0.37
2409 0.02
2410 0.18
2411 0.17
2412 0.04
2413 0.25
2414 0.27
2415 0.22
2416 0.11
2417 0.25
2418 0.27
2419 0.35
2420 0.09
2421 0.25
2422 0.29
2423 0.23
2424 0.34
2425 0.23
2426 0.41
2427 0.1
2428 0.1
2429 0.17
2430 0.44
2431 0.37
2432 0.2
2433 0.29
2434 0.11
2435 0.22
2436 0.3
2437 0.04
2438 0.31
2439 0.19
2440 0.07
2441 0.12
2442 0.11
2443 0.03
2444 0.09
2445 0.18
2446 0.13
2447 0.14
2448 0.06
2449 0.09
2450 0.18
2451 0.14
2452 0.03
2453 0.08
2454 0.26
2455 0
2456 0.09
2457 0.08
2458 0.08
2459 0.08
2460 0.19
2461 0.18
2462 0.21
2463 0.18
2464 0.06
2465 0.07
2466 0.39
2467 0.3
2468 0.27
2469 0.18
2470 0.14
2471 0.12
2472 0.03
2473 0.06
2474 0.19
2475 0.12
2476 0.2
2477 0.18
2478 0.1
2479 0.3
2480 0.32
2481 0.03
2482 0.26
2483 0.61
2484 0.08
2485 0.23
2486 0.15
2487 0.27
2488 0.13
2489 0.43
2490 0.16
2491 0.08
2492 0.08
2493 0.18
2494 0.02
2495 0.01
2496 0.38
2497 0.02
2498 0.1
2499 0.09
2500 0.02
2501 0.4
2502 0.33
2503 0.1
2504 0.11
2505 0.18
2506 0.16
2507 0.11
2508 0.07
2509 0.06
2510 0.19
2511 0.07
2512 0.03
2513 0.05
2514 0.05
2515 0.15
2516 0.09
2517 0.32
2518 0.59
2519 0.01
2520 0.16
2521 0.09
2522 0.26
2523 0.14
2524 0.3
2525 0.15
2526 0
2527 0.11
2528 0.17
2529 0.3
2530 0.1
2531 0.29
2532 0.1
2533 0.09
2534 0.26
2535 0.24
2536 0.07
2537 0.12
2538 0.31
2539 0.21
2540 0.35
2541 0.26
2542 0.14
2543 0.08
2544 0
2545 0.26
2546 0.14
2547 0.16
2548 0.22
2549 0.02
2550 0.1
2551 0.33
2552 0.14
2553 0.1
2554 0.25
2555 0.06
2556 0.21
2557 0.14
2558 0.22
2559 0.57
2560 0.23
2561 0
2562 0.16
2563 0.17
2564 0.01
2565 0.08
2566 0.37
2567 0.11
2568 0.43
2569 0.09
2570 0.16
2571 0.27
2572 0.17
2573 0.28
2574 0.03
2575 0.37
2576 0
2577 0.2
2578 0.15
2579 0.12
2580 0.15
2581 0.11
2582 0.24
2583 0.42
2584 0.34
2585 0.09
2586 0.45
2587 0.06
2588 0.13
2589 0.25
2590 0.1
2591 0.15
2592 0.17
2593 0.56
2594 0.21
2595 0.29
2596 0.17
2597 0.09
2598 0.04
2599 0.27
2600 0.27
2601 0.24
2602 0.06
2603 0.06
2604 0.07
2605 0.25
2606 0.28
2607 0.1
2608 0.12
2609 0.17
2610 0.16
2611 0.09
2612 0.11
2613 0.28
2614 0.17
2615 0.19
2616 0
2617 0.12
2618 0.03
2619 0.26
2620 0.24
2621 0.37
2622 0.26
2623 0.14
2624 0.12
2625 0.21
2626 0.12
2627 0.26
2628 0.19
2629 0.23
2630 0.08
2631 0.16
2632 0.14
2633 0.08
2634 0.2
2635 0.2
2636 0.1
2637 0.14
2638 0.03
2639 0.07
2640 0.09
2641 0.06
2642 0.31
2643 0.19
2644 0.24
2645 0.38
2646 0.22
2647 0.5
2648 0.32
2649 0.19
2650 0.14
2651 0.07
2652 0.03
2653 0.26
2654 0.29
2655 0.27
2656 0.26
2657 0.07
2658 0.06
2659 0.2
2660 0.11
2661 0.13
2662 0.06
2663 0.09
2664 0.22
2665 0.16
2666 0.05
2667 0.08
2668 0.13
2669 0.1
2670 0.22
2671 0.2
2672 0.17
2673 0.15
2674 0.04
2675 0.09
2676 0.1
2677 0.11
2678 0.11
2679 0.02
2680 0.16
2681 0.05
2682 0.16
2683 0.1
2684 0.11
2685 0.19
2686 0.35
2687 0.13
2688 0.36
2689 0.28
2690 0.16
2691 0.13
2692 0.29
2693 0.14
2694 0.15
2695 0.04
2696 0.05
2697 0.08
2698 0.05
2699 0.26
2700 0.09
2701 0.66
2702 0.18
2703 0.05
2704 0.15
2705 0.13
2706 0.31
2707 0.27
2708 0.19
2709 0.13
2710 0.06
2711 0.19
2712 0.31
2713 0.18
2714 0.33
2715 0.26
2716 0.42
2717 0.12
2718 0.28
2719 0.07
2720 0.04
2721 0.24
2722 0.08
2723 0.05
2724 0.1
2725 0.18
2726 0.03
2727 0.3
2728 0.47
2729 0.22
2730 0.15
2731 0.17
2732 0.38
2733 0.18
2734 0.36
2735 0.11
2736 0.08
2737 0.04
2738 0.01
2739 0.12
2740 0.22
2741 0.14
2742 0.17
2743 0.07
2744 0.55
2745 0.14
2746 0.22
2747 0.19
2748 0.22
2749 0.25
2750 0.23
2751 0.32
2752 0.26
2753 0.05
2754 0.1
2755 0.15
2756 0.1
2757 0.33
2758 0.21
2759 0.12
2760 0.35
2761 0.11
2762 0.21
2763 0.42
2764 0.08
2765 0.22
2766 0.29
2767 0.06
2768 0.23
2769 0.5
2770 0.02
2771 0.19
2772 0.11
2773 0.21
2774 0.17
2775 0.08
2776 0.16
2777 0.18
2778 0.04
2779 0.16
2780 0.29
2781 0.2
2782 0
2783 0.32
2784 0.27
2785 0.08
2786 0.18
2787 0.23
2788 0.38
2789 0.23
2790 0.2
2791 0
2792 0.57
2793 0.13
2794 0.15
2795 0.14
2796 0.23
2797 0.19
2798 0.26
2799 0.39
2800 0.15
2801 0.06
2802 0.08
2803 0.2
2804 0.14
2805 0.17
2806 0.2
2807 0.17
2808 0.21
2809 0.29
2810 0.02
2811 0.09
2812 0.49
2813 0.17
2814 0.45
2815 0.24
2816 0.23
2817 0.14
2818 0.06
2819 0.06
2820 0.25
2821 0.53
2822 0.43
2823 0.16
2824 0.15
2825 0.27
2826 0.06
2827 0.11
2828 0.09
2829 0.14
2830 0.05
2831 0.07
2832 0.12
2833 0.06
2834 0.05
2835 0.21
2836 0.11
2837 0.13
2838 0.26
2839 0.11
2840 0.5
2841 0.23
2842 0.15
2843 0.09
2844 0.43
2845 0.44
2846 0.13
2847 0.05
2848 0.02
2849 0.04
2850 0.13
2851 0
2852 0.09
2853 0.29
2854 0.09
2855 0.25
2856 0.28
2857 0.08
2858 0.31
2859 0.23
2860 0.14
2861 0.27
2862 0.08
2863 0.76
2864 0.12
2865 0.16
2866 0.19
2867 0.19
2868 0.23
2869 0.08
2870 0.09
2871 0.17
2872 0.3
2873 0.22
2874 0.48
2875 0.29
2876 0.09
2877 0.14
2878 0.21
2879 0.1
2880 0.05
2881 0.19
2882 0.13
2883 0.07
2884 0.33
2885 0.19
2886 0.14
2887 0.07
2888 0.22
2889 0.27
2890 0.28
2891 0.06
2892 0.27
2893 0.58
2894 0.31
2895 0.18
2896 0.1
2897 0.28
2898 0.28
2899 0.49
2900 0.11
2901 0.22
2902 0.08
2903 0.19
2904 0.02
2905 0.18
2906 0.33
2907 0.2
2908 0.17
2909 0.11
2910 0.3
2911 0.45
2912 0.34
2913 0.29
2914 0.21
2915 0.06
2916 0.19
2917 0.43
2918 0.68
2919 0
2920 0.13
2921 0.14
2922 0.3
2923 0.05
2924 0.27
2925 0.2
2926 0.27
2927 0.13
2928 0.2
2929 0.09
2930 0.14
2931 0.15
2932 0.32
2933 0.09
2934 0.33
2935 0.24
2936 0.19
2937 0.12
2938 0.08
2939 0.12
2940 0.05
2941 0.22
2942 0.17
2943 0.12
2944 0.07
2945 0.09
2946 0.08
2947 0.12
2948 0.42
2949 0.07
2950 0.16
2951 0.1
2952 0.1
2953 0.23
2954 0.08
2955 0.02
2956 0.05
2957 0.4
2958 0.11
2959 0.2
2960 0.09
2961 0.08
2962 0.33
2963 0.23
2964 0.33
2965 0.42
2966 0.13
2967 0.17
2968 0.13
2969 0.15
2970 0.2
2971 0.36
2972 0.09
2973 0.11
2974 0.04
2975 0.19
2976 0.09
2977 0.3
2978 0.32
2979 0.52
2980 0.24
2981 0.19
2982 0.34
2983 0.14
2984 0.07
2985 0.32
2986 0.36
2987 0.23
2988 0.21
2989 0.09
2990 0.1
2991 0.05
2992 0.4
2993 0.26
2994 0.1
2995 0.09
2996 0.13
2997 0.12
2998 0
2999 0.31
3000 0.25
3001 0.35
3002 0.07
3003 0.09
3004 0.52
3005 0.13
3006 0.15
3007 0.13
3008 0.13
3009 0.34
3010 0.2
3011 0.08
3012 0.13
3013 0.17
3014 0.52
3015 0.27
3016 0.19
3017 0.47
3018 0.14
3019 0.23
3020 0.27
3021 0.29
3022 0.02
3023 0.1
3024 0.47
3025 0.09
3026 0.22
3027 0.02
3028 0.15
3029 0.52
3030 0.34
3031 0.23
3032 0.29
3033 0.14
3034 0.16
3035 0.13
3036 0.14
3037 0.03
3038 0.21
3039 0.39
3040 0.58
3041 0.4
3042 0.12
3043 0.11
3044 0.13
3045 0.16
3046 0.4
3047 0.4
3048 0.21
3049 0.21
3050 0.32
3051 0.22
3052 0.09
3053 0.31
3054 0.06
3055 0
3056 0.3
3057 0.04
3058 0.17
3059 0.08
3060 0.28
3061 0.17
3062 0.08
3063 0.1
3064 0.13
3065 0.22
3066 0.35
3067 0.03
3068 0.2
3069 0.17
3070 0.35
3071 0.1
3072 0.06
3073 0.09
3074 0.29
3075 0.05
3076 0.13
3077 0.12
3078 0.21
3079 0.17
3080 0.09
3081 0.06
3082 0.15
3083 0.07
3084 0.16
3085 0.39
3086 0.14
3087 0.12
3088 0.46
3089 0.16
3090 0.13
3091 0.25
3092 0.46
3093 0.44
3094 0.54
3095 0.49
3096 0.15
3097 0.08
3098 0.18
3099 0.19
3100 0.21
3101 0.16
3102 0.17
3103 0.18
3104 0.18
3105 0.15
3106 0.36
3107 0.19
3108 0.13
3109 0.29
3110 0.35
3111 0.46
3112 0.08
3113 0.12
3114 0.49
3115 0.42
3116 0.7
3117 0.19
3118 0.17
3119 0.25
3120 0.14
3121 0.19
3122 0.09
3123 0.26
3124 0.24
3125 0.31
3126 0.5
3127 0.08
3128 0.24
3129 0.23
3130 0.16
3131 0.13
3132 0.13
3133 0.19
3134 0.09
3135 0.08
3136 0.22
3137 0.21
3138 0.21
3139 0.16
3140 0.05
3141 0.17
3142 0.39
3143 0.05
3144 0.08
3145 0.05
3146 0.15
3147 0.07
3148 0.14
3149 0.16
3150 0.19
3151 0.31
3152 0.19
3153 0.34
3154 0.15
3155 0.49
3156 0.08
3157 0.06
3158 0.27
3159 0.16
3160 0.25
3161 0.2
3162 0.15
3163 0.11
3164 0.21
3165 0.54
3166 0.21
3167 0.13
3168 0.44
3169 0.14
3170 0.25
3171 0.52
3172 0.3
3173 0.06
3174 0.27
3175 0.02
3176 0.12
3177 0.11
3178 0.19
3179 0.37
3180 0.28
3181 0.27
3182 0.29
3183 0.19
3184 0.04
3185 0.32
3186 0.14
3187 0.12
3188 0.24
3189 0.1
3190 0.12
3191 0.09
3192 0.07
3193 0.11
3194 0.14
3195 0.33
3196 0.18
3197 0.11
3198 0.19
3199 0.13
3200 0.28
3201 0.22
3202 0.12
3203 0.12
3204 0.07
3205 0.04
3206 0.28
3207 0.2
3208 0.23
3209 0.15
3210 0.35
3211 0.33
3212 0.42
3213 0.3
3214 0.32
3215 0.13
3216 0.05
3217 0.28
3218 0.3
3219 0.24
3220 0.11
3221 0.71
3222 0.38
3223 0.09
3224 0.3
3225 0.29
3226 0.13
3227 0.09
3228 0.2
3229 0.1
3230 0.02
3231 0.2
3232 0.17
3233 0.16
3234 0.29
3235 0.37
3236 0.16
3237 0.28
3238 0.33
3239 0.15
3240 0.03
3241 0.04
3242 0.56
3243 0.04
3244 0.33
3245 0.08
3246 0.04
3247 0.18
3248 0.24
3249 0.14
3250 0.09
3251 0.27
3252 0.12
3253 0.04
3254 0.37
3255 0.41
3256 0.47
3257 0.11
3258 0.19
3259 0.16
3260 0.27
3261 0.35
3262 0.06
3263 0.27
3264 0.16
3265 0.07
3266 0.25
3267 0.06
3268 0.46
3269 0.13
3270 0.34
3271 0.1
3272 0.14
3273 0.09
3274 0.1
3275 0.23
3276 0.08
3277 0.35
3278 0.12
3279 0.25
3280 0.13
3281 0.25
3282 0.26
3283 0.11
3284 0.12
3285 0.06
3286 0.09
3287 0.19
3288 0.23
3289 0.03
3290 0.45
3291 0.08
3292 0.1
3293 0.18
3294 0.18
3295 0.21
3296 0.09
3297 0.15
3298 0.48
3299 0.18
3300 0.14
3301 0.32
3302 0.22
3303 0.01
3304 0.16
3305 0.23
3306 0.13
3307 0.21
3308 0.07
3309 0.11
3310 0.04
3311 0.24
3312 0.05
3313 0.15
3314 0.37
3315 0.14
3316 0.06
3317 0.07
3318 0.07
3319 0.15
3320 0.08
3321 0.1
3322 0.06
3323 0.12
3324 0.33
3325 0.2
3326 0.16
3327 0.31
3328 0.12
3329 0.27
3330 0.17
3331 0.16
3332 0.25
3333 0.36
3334 0.2
3335 0.21
3336 0
3337 0.16
3338 0.21
3339 0.1
3340 0.28
3341 0.15
3342 0.06
3343 0.32
3344 0.09
3345 0.27
3346 0.24
3347 0.34
3348 0.08
3349 0.01
3350 0.15
3351 0.49
3352 0.13
3353 0.31
3354 0.26
3355 0.07
3356 0.14
3357 0.11
3358 0.04
3359 0.21
3360 0.24
3361 0.25
3362 0.26
3363 0.09
3364 0.31
3365 0.11
3366 0.3
3367 0.01
3368 0.15
3369 0.14
3370 0.47
3371 0.06
3372 0.09
3373 0.15
3374 0.27
3375 0.11
3376 0.12
3377 0.33
3378 0.14
3379 0.39
3380 0.12
3381 0.41
3382 0.04
3383 0.21
3384 0.23
3385 0.11
3386 0.05
3387 0.21
3388 0.4
3389 0.16
3390 0.23
3391 0.04
3392 0.29
3393 0.13
3394 0.32
3395 0.14
3396 0.25
3397 0.27
3398 0.43
3399 0.25
3400 0.2
3401 0.08
3402 0.1
3403 0.32
3404 0.06
3405 0.16
3406 0.2
3407 0.03
3408 0.25
3409 0.16
3410 0.16
3411 0.09
3412 0.11
3413 0.37
3414 0.33
3415 0.18
3416 0.11
3417 0.77
3418 0.22
3419 0.14
3420 0.24
3421 0.18
3422 0.33
3423 0.13
3424 0.15
3425 0.12
3426 0.02
3427 0.39
3428 0.17
3429 0.12
3430 0.29
3431 0.16
3432 0.08
3433 0.05
3434 0.24
3435 0.26
3436 0.17
3437 0.13
3438 0.16
3439 0.12
3440 0.16
3441 0.12
3442 0.05
3443 0.15
3444 0
3445 0.17
3446 0.37
3447 0.25
3448 0.28
3449 0.08
3450 0.22
3451 0.32
3452 0.1
3453 0
3454 0.36
3455 0.26
3456 0.03
3457 0.35
3458 0.04
3459 0.14
3460 0.13
3461 0.09
3462 0.28
3463 0.15
3464 0.16
3465 0.08
3466 0.43
3467 0.18
3468 0.35
3469 0.14
3470 0.04
3471 0.19
3472 0.25
3473 0.12
3474 0.54
3475 0.15
3476 0.25
3477 0.22
3478 0.21
3479 0.12
3480 0.08
3481 0.16
3482 0.15
3483 0.2
3484 0.11
3485 0.25
3486 0.21
3487 0.22
3488 0.04
3489 0.33
3490 0.38
3491 0.04
3492 0.31
3493 0.13
3494 0.13
3495 0.25
3496 0.06
3497 0.03
3498 0.12
3499 0.44
3500 0.14
3501 0.05
3502 0.24
3503 0.06
3504 0.02
3505 0.46
3506 0.37
3507 0.04
3508 0.09
3509 0.29
3510 0.13
3511 0.17
3512 0.17
3513 0.16
3514 0.23
3515 0.13
3516 0.08
3517 0.11
3518 0.39
3519 0.17
3520 0.06
3521 0.03
3522 0.13
3523 0.22
3524 0.13
3525 0.3
3526 0.08
3527 0.26
3528 0.14
3529 0.26
3530 0.23
3531 0.38
3532 0.28
3533 0.34
3534 0.28
3535 0.16
3536 0.17
3537 0.26
3538 0.25
3539 0.08
3540 0.22
3541 0.05
3542 0.17
3543 0.27
3544 0.06
3545 0.18
3546 0.18
3547 0.35
3548 0.12
3549 0.16
3550 0
3551 0.06
3552 0.18
3553 0.19
3554 0.07
3555 0.23
3556 0.06
3557 0.27
3558 0.04
3559 0.09
3560 0.1
3561 0.04
3562 0.11
3563 0.08
3564 0.15
3565 0.19
3566 0.06
3567 0.19
3568 0.1
3569 0.07
3570 0.1
3571 0.35
3572 0.13
3573 0.13
3574 0.13
3575 0.11
3576 0.07
3577 0.07
3578 0.09
3579 0.45
3580 0.2
3581 0.22
3582 0.02
3583 0.21
3584 0.16
3585 0.09
3586 0.04
3587 0.02
3588 0.07
3589 0.22
3590 0.26
3591 0.3
3592 0.18
3593 0.15
3594 0.13
3595 0
3596 0.03
3597 0.13
3598 0.28
3599 0.17
3600 0.14
3601 0.24
3602 0.08
3603 0.54
3604 0.12
3605 0.21
3606 0.27
3607 0.02
3608 0.17
3609 0.19
3610 0.11
3611 0.06
3612 0.17
3613 0.2
3614 0.18
3615 0.19
3616 0.28
3617 0.29
3618 0.12
3619 0.09
3620 0.06
3621 0.23
3622 0.15
3623 0.54
3624 0.25
3625 0.25
3626 0.77
3627 0.17
3628 0.12
3629 0.09
3630 0.17
3631 0.21
3632 0.1
3633 0.11
3634 0.11
3635 0
3636 0.12
3637 0.23
3638 0.22
3639 0.29
3640 0.08
3641 0.25
3642 0.25
3643 0.09
3644 0.13
3645 0.1
3646 0.18
3647 0.32
3648 0.07
3649 0.06
3650 0.07
3651 0.19
3652 0.37
3653 0.59
3654 0.21
3655 0.09
3656 0.26
3657 0.2
3658 0.36
3659 0.08
3660 0.15
3661 0.1
3662 0.11
3663 0.19
3664 0.2
3665 0.18
3666 0.42
3667 0.19
3668 0.13
3669 0.15
3670 0.23
3671 0.37
3672 0.2
3673 0.27
3674 0.17
3675 0.1
3676 0.18
3677 0.15
3678 0.22
3679 0.12
3680 0.14
3681 0.03
3682 0.07
3683 0.15
3684 0.28
3685 0.08
3686 0.48
3687 0.13
3688 0.07
3689 0.13
3690 0.3
3691 0.14
3692 0.23
3693 0.29
3694 0.19
3695 0.21
3696 0.26
3697 0.08
3698 0.04
3699 0.37
3700 0.21
3701 0.18
3702 0.18
3703 0.12
3704 0.38
3705 0.36
3706 0.06
3707 0.11
3708 0.18
3709 0.21
3710 0.13
3711 0.17
3712 0.17
3713 0.14
3714 0.1
3715 0.16
3716 0.11
3717 0.06
3718 0.2
3719 0.17
3720 0.24
3721 0.45
3722 0.04
3723 0.15
3724 0.04
3725 0.26
3726 0.11
3727 0.13
3728 0.12
3729 0.22
3730 0.18
3731 0.14
3732 0.12
3733 0.37
3734 0.18
3735 0.03
3736 0.26
3737 0.08
3738 0.28
3739 0.1
3740 0
3741 0.24
3742 0.3
3743 0.22
3744 0.16
3745 0.14
3746 0.16
3747 0.47
3748 0.19
3749 0.4
3750 0.26
3751 0.06
3752 0.44
3753 0.02
3754 0.25
3755 0.16
3756 0.24
3757 0.45
3758 0.15
3759 0.1
3760 0.25
3761 0.13
3762 0.21
3763 0.15
3764 0.06
3765 0.26
3766 0.41
3767 0.3
3768 0.23
3769 0.29
3770 0.25
3771 0.18
3772 0.08
3773 0.11
3774 0.13
3775 0.04
3776 0.35
3777 0.25
3778 0.21
3779 0.24
3780 0.08
3781 0.11
3782 0.35
3783 0.19
3784 0.05
3785 0.18
3786 0.14
3787 0.07
3788 0.18
3789 0.1
3790 0.22
3791 0.41
3792 0
3793 0.14
3794 0.09
3795 0.26
3796 0.26
3797 0.1
3798 0.31
3799 0.12
3800 0.03
3801 0.06
3802 0.11
3803 0.54
3804 0.22
3805 0.18
3806 0.2
3807 0.06
3808 0.03
3809 0.22
3810 0.12
3811 0.28
3812 0.04
3813 0.12
3814 0.2
3815 0.14
3816 0.32
3817 0.09
3818 0.17
3819 0.04
3820 0.22
3821 0.13
3822 0.12
3823 0.13
3824 0.48
3825 0.11
3826 0.35
3827 0.24
3828 0.19
3829 0.09
3830 0.19
3831 0.28
3832 0.08
3833 0.04
3834 0.29
3835 0.12
3836 0.09
3837 0.33
3838 0.15
3839 0.21
3840 0
3841 0.31
3842 0.36
3843 0.16
3844 0.09
3845 0.13
3846 0.3
3847 0.23
3848 0.08
3849 0.07
3850 0.33
3851 0.18
3852 0.12
3853 0.08
3854 0.2
3855 0.06
3856 0.28
3857 0.1
3858 0.25
3859 0.19
3860 0.26
3861 0.14
3862 0.33
3863 0.24
3864 0.22
3865 0.03
3866 0.36
3867 0.16
3868 0.11
3869 0.17
3870 0.11
3871 0.18
3872 0.31
3873 0.32
3874 0.34
3875 0.26
3876 0.11
3877 0.04
3878 0.11
3879 0.04
3880 0.13
3881 0.03
3882 0.09
3883 0.41
3884 0.09
3885 0.14
3886 0.05
3887 0.2
3888 0.3
3889 0.29
3890 0.08
3891 0.27
3892 0.73
3893 0.11
3894 0.18
3895 0.34
3896 0.16
3897 0.19
3898 0.24
3899 0
3900 0.21
3901 0.02
3902 0.25
3903 0.46
3904 0.13
3905 0.23
3906 0.11
3907 0.25
3908 0.11
3909 0.52
3910 0.3
3911 0.22
3912 0.3
3913 0.22
3914 0.02
3915 0.08
3916 0.03
3917 0.13
3918 0.07
3919 0.27
3920 0.21
3921 0.5
3922 0.07
3923 0.34
3924 0.2
3925 0.07
3926 0.19
3927 0.17
3928 0.11
3929 0.19
3930 0.19
3931 0.35
3932 0.03
3933 0.18
3934 0.31
3935 0.2
3936 0.07
3937 0.07
3938 0.17
3939 0.38
3940 0.16
3941 0.21
3942 0.18
3943 0.16
3944 0.18
3945 0.51
3946 0.03
3947 0.17
3948 0.1
3949 0.02
3950 0.08
3951 0.41
3952 0.32
3953 0.28
3954 0.52
3955 0.1
3956 0.11
3957 0.04
3958 0.33
3959 0.22
3960 0.11
3961 0.23
3962 0
3963 0.07
3964 0.03
3965 0.25
3966 0.19
3967 0.2
3968 0.13
3969 0.24
3970 0.03
3971 0.06
3972 0.22
3973 0.37
3974 0.27
3975 0.09
3976 0.19
3977 0.06
3978 0.05
3979 0.07
3980 0.06
3981 0.04
3982 0.29
3983 0.2
3984 0.09
3985 0.11
3986 0.41
3987 0.12
3988 0.04
3989 0.04
3990 0.16
3991 0.38
3992 0
3993 0.26
3994 0.18
3995 0.19
3996 0.18
3997 0.11
3998 0.05
3999 0.1
4000 0.24
4001 0.38
4002 0.09
4003 0.17
4004 0.43
4005 0.1
4006 0.48
4007 0.18
4008 0.25
4009 0.12
4010 0.08
4011 0.1
4012 0.05
4013 0.04
4014 0.41
4015 0.21
4016 0.31
4017 0.26
4018 0.16
4019 0.3
4020 0.02
4021 0.25
4022 0.09
4023 0.19
4024 0.3
4025 0.01
4026 0.32
4027 0.33
4028 0.18
4029 0.29
4030 0.25
4031 0.13
4032 0.17
4033 0.18
4034 0.22
4035 0.08
4036 0.06
4037 0.35
4038 0.33
4039 0.07
4040 0.17
4041 0.04
4042 0.04
4043 0.11
4044 0.27
4045 0.36
4046 0.1
4047 0.11
4048 0.39
4049 0.12
4050 0.33
4051 0.1
4052 0.13
4053 0.24
4054 0.1
4055 0.15
4056 0.16
4057 0.22
4058 0.07
4059 0.36
4060 0.21
4061 0.26
4062 0.14
4063 0.46
4064 0.1
4065 0.29
4066 0.1
4067 0.28
4068 0.23
4069 0.21
4070 0.07
4071 0.13
4072 0.4
4073 0
4074 0.09
4075 0.19
4076 0.47
4077 0.1
4078 0.43
4079 0.13
4080 0.03
4081 0.18
4082 0.19
4083 0.12
4084 0.13
4085 0.17
4086 0.09
4087 0.19
4088 0.18
4089 0.19
4090 0.07
4091 0.16
4092 0.42
4093 0.33
4094 0.09
4095 0.4
4096 0
4097 0.19
4098 0.13
4099 0.08
4100 0.56
4101 0.05
4102 0.15
4103 0.13
4104 0
4105 0.14
4106 0.28
4107 0.27
4108 0.06
4109 0.06
4110 0.31
4111 0.3
4112 0.09
4113 0.09
4114 0.03
4115 0.18
4116 0.08
4117 0.37
4118 0.18
4119 0.03
4120 0.14
4121 0.1
4122 0.15
4123 0.27
4124 0.32
4125 0.28
4126 0.28
4127 0.3
4128 0.21
4129 0.59
4130 0.15
4131 0.12
4132 0.08
4133 0.14
4134 0.21
4135 0.1
4136 0.11
4137 0.04
4138 0.09
4139 0.23
4140 0.03
4141 0.53
4142 0.31
4143 0.21
4144 0.14
4145 0.09
4146 0.23
4147 0.09
4148 0.24
4149 0.28
4150 0.16
4151 0.07
4152 0.31
4153 0.11
4154 0.11
4155 0.16
4156 0.12
4157 0.34
4158 0.29
4159 0.4
4160 0.04
4161 0.2
4162 0.17
4163 0.05
4164 0.12
4165 0.12
4166 0.19
4167 0.08
4168 0.26
4169 0.37
4170 0.22
4171 0.29
4172 0.1
4173 0.08
4174 0.22
4175 0.13
4176 0.23
4177 0.06
4178 0.13
4179 0.07
4180 0.07
4181 0.05
4182 0.12
4183 0.1
4184 0.9
4185 0.04
4186 0.13
4187 0.27
4188 0.16
4189 0.22
4190 0.23
4191 0.34
4192 0.15
4193 0
4194 0.09
4195 0.39
4196 0.33
4197 0.04
4198 0.23
4199 0.06
4200 0.07
4201 0.1
4202 0.17
4203 0.16
4204 0.25
4205 0.24
4206 0.11
4207 0.29
4208 0.28
4209 0.23
4210 0.39
4211 0.19
4212 0.08
4213 0.08
4214 0.08
4215 0.16
4216 0.2
4217 0.23
4218 0.21
4219 0.26
4220 0.09
4221 0.35
4222 0.31
4223 0.09
4224 0.33
4225 0.26
4226 0.22
4227 0.32
4228 0.16
4229 0.39
4230 0.21
4231 0.25
4232 0.26
4233 0.1
4234 0.11
4235 0.19
4236 0.39
4237 0.2
4238 0.48
4239 0.31
4240 0.11
4241 0.07
4242 0.04
4243 0.21
4244 0.29
4245 0.07
4246 0.68
4247 0.44
4248 0.27
4249 0.05
4250 0.29
4251 0.24
4252 0.05
4253 0.29
4254 0.18
4255 0.29
4256 0.32
4257 0.07
4258 0.12
4259 0.58
4260 0.05
4261 0.36
4262 0.13
4263 0.04
4264 0.47
4265 0.16
4266 0.15
4267 0.16
4268 0.19
4269 0.13
4270 0.31
4271 0.18
4272 0.26
4273 0.09
4274 0.19
4275 0.09
4276 0.06
4277 0.1
4278 0.2
4279 0.37
4280 0.11
4281 0.07
4282 0.22
4283 0.14
4284 0.61
4285 0.33
4286 0.15
4287 0.05
4288 0.19
4289 0.14
4290 0.12
4291 0.22
4292 0.28
4293 0.17
4294 0.11
4295 0.07
4296 0.22
4297 0.35
4298 0.25
4299 0.01
4300 0.17
4301 0.19
4302 0.31
4303 0.09
4304 0.14
4305 0.07
4306 0.1
4307 0.51
4308 0.05
4309 0.17
4310 0.13
4311 0.14
4312 0.28
4313 0.19
4314 0.35
4315 0.27
4316 0.45
4317 0.44
4318 0.1
4319 0.36
4320 0.22
4321 0.09
4322 0.06
4323 0.1
4324 0.28
4325 0.25
4326 0.24
4327 0.38
4328 0.23
4329 0.29
4330 0.26
4331 0.42
4332 0.05
4333 0.07
4334 0.1
4335 0.35
4336 0.1
4337 0.28
4338 0.37
4339 0.17
4340 0.05
4341 0.2
4342 0.07
4343 0.24
4344 0.02
4345 0.39
4346 0.37
4347 0.14
4348 0.26
4349 0.14
4350 0.34
4351 0.36
4352 0.08
4353 0.15
4354 0.1
4355 0.11
4356 0
4357 0.09
4358 0.42
4359 0.18
4360 0.1
4361 0.18
4362 0.22
4363 0.13
4364 0.23
4365 0.02
4366 0.38
4367 0.07
4368 0.17
4369 0.27
4370 0.36
4371 0.03
4372 0.12
4373 0.21
4374 0.21
4375 0.02
4376 0.23
4377 0.28
4378 0.19
4379 0.09
4380 0.12
4381 0.09
4382 0.04
4383 0.03
4384 0.15
4385 0.26
4386 0.36
4387 0.34
4388 0.27
4389 0.15
4390 0.24
4391 0.15
4392 0.04
4393 0.22
4394 0.07
4395 0.17
4396 0.26
4397 0.09
4398 0.15
4399 0.13
4400 0.18
4401 0.05
4402 0.15
4403 0.09
4404 0.2
4405 0.46
4406 0.16
4407 0.14
4408 0.08
4409 0.15
4410 0.29
4411 0.15
4412 0.09
4413 0.14
4414 0.22
4415 0.07
4416 0.17
4417 0.2
4418 0.06
4419 0.09
4420 0
4421 0.11
4422 0.15
4423 0.08
4424 0.07
4425 0.13
4426 0.11
4427 0.22
4428 0.07
4429 0.24
4430 0.12
4431 0.14
4432 0.35
4433 0.06
4434 0.05
4435 0.22
4436 0.33
4437 0
4438 0.2
4439 0
4440 0.28
4441 0.08
4442 0.06
4443 0.15
4444 0.26
4445 0.12
4446 0.12
4447 0.09
4448 0.21
4449 0.07
4450 0.02
4451 0.13
4452 0.22
4453 0.02
4454 0.02
4455 0.08
4456 0.18
4457 0.07
4458 0.23
4459 0.08
4460 0.06
4461 0.47
4462 0.18
4463 0.23
4464 0.07
4465 0.09
4466 0.16
4467 0.29
4468 0.05
4469 0.28
4470 0.07
4471 0.19
4472 0.08
4473 0.19
4474 0.1
4475 0.29
4476 0.6
4477 0.6
4478 0.09
4479 0.17
4480 0.28
4481 0.3
4482 0.16
4483 0.32
4484 0.13
4485 0.05
4486 0.19
4487 0.11
4488 0.18
4489 0.13
4490 0.11
4491 0.1
4492 0.02
4493 0.32
4494 0.31
4495 0.23
4496 0.09
4497 0.19
4498 0.06
4499 0.13
4500 0.49
4501 0.06
4502 0.02
4503 0.14
4504 0.08
4505 0.1
4506 0.16
4507 0.26
4508 0.06
4509 0.22
4510 0.14
4511 0.09
4512 0.03
4513 0.54
4514 0.22
4515 0.04
4516 0.24
4517 0.27
4518 0.05
4519 0.29
4520 0.03
4521 0.29
4522 0.01
4523 0.14
4524 0.4
4525 0.08
4526 0.18
4527 0.23
4528 0.3
4529 0.18
4530 0.29
4531 0.18
4532 0.11
4533 0.13
4534 0.19
4535 0.21
4536 0.04
4537 0.15
4538 0.18
4539 0.2
4540 0.25
4541 0.22
4542 0.19
4543 0.05
4544 0.33
4545 0.15
4546 0.43
4547 0.06
4548 0.03
4549 0.1
4550 0.07
4551 0.12
4552 0.32
4553 0
4554 0.28
4555 0.14
4556 0.03
4557 0.39
4558 0.16
4559 0.02
4560 0.26
4561 0.01
4562 0.12
4563 0.08
4564 0.16
4565 0.22
4566 0.2
4567 0.14
4568 0.22
4569 0.08
4570 0.09
4571 0
4572 0.15
4573 0
4574 0.08
4575 0.06
4576 0.01
4577 0.12
4578 0.13
4579 0.07
4580 0.12
4581 0.13
4582 0
4583 0.07
4584 0.21
4585 0.21
4586 0.18
4587 0.26
4588 0.14
4589 0.11
4590 0.41
4591 0.05
4592 0.09
4593 0.11
4594 0.07
4595 0.26
4596 0.56
4597 0.11
4598 0.01
4599 0.24
4600 0.21
4601 0.08
4602 0.25
4603 0.49
4604 0.18
4605 0.08
4606 0.23
4607 0.18
4608 0.02
4609 0.12
4610 0.17
4611 0.08
4612 0.13
4613 0.05
4614 0.43
4615 0.37
4616 0.56
4617 0.2
4618 0.35
4619 0.03
4620 0.15
4621 0.06
4622 0
4623 0.25
4624 0.25
4625 0.08
4626 0.09
4627 0.28
4628 0.14
4629 0.73
4630 0.16
4631 0.25
4632 0.28
4633 0.2
4634 0.19
4635 0.03
4636 0.3
4637 0.12
4638 0.26
4639 0.04
4640 0.15
4641 0.23
4642 0.15
4643 0.45
4644 0.14
4645 0.16
4646 0.47
4647 0.16
4648 0.12
4649 0.12
4650 0.07
4651 0.17
4652 0.28
4653 0.15
4654 0.27
4655 0.17
4656 0
4657 0.18
4658 0.08
4659 0.18
4660 0.06
4661 0.04
4662 0.16
4663 0.2
4664 0.36
4665 0.2
4666 0.2
4667 0.36
4668 0.11
4669 0.2
4670 0.16
4671 0.15
4672 0.07
4673 0.09
4674 0.2
4675 0.18
4676 0.19
4677 0.05
4678 0.12
4679 0.02
4680 0.05
4681 0.16
4682 0.12
4683 0.15
4684 0.29
4685 0.02
4686 0.63
4687 0.09
4688 0.1
4689 0.13
4690 0.01
4691 0.43
4692 0.16
4693 0.39
4694 0.09
4695 0.13
4696 0.15
4697 0.07
4698 0.18
4699 0.1
4700 0.18
4701 0.4
4702 0.03
4703 0.1
4704 0.02
4705 0.23
4706 0.28
4707 0.1
4708 0.05
4709 0.04
4710 0.23
4711 0.11
4712 0.29
4713 0.28
4714 0.21
4715 0.19
4716 0.22
4717 0.09
4718 0.24
4719 0.34
4720 0.48
4721 0.04
4722 0.4
4723 0.27
4724 0.09
4725 0.22
4726 0.27
4727 0.23
4728 0.12
4729 0.58
4730 0.29
4731 0.3
4732 0.17
4733 0.16
4734 0.28
4735 0.06
4736 0.18
4737 0.18
4738 0.16
4739 0.25
4740 0.3
4741 0.29
4742 0.05
4743 0.03
4744 0.3
4745 0.09
4746 0.09
4747 0.21
4748 0.07
4749 0.12
4750 0.01
4751 0.28
4752 0.18
4753 0
4754 0.21
4755 0.2
4756 0.28
4757 0.09
4758 0.13
4759 0.2
4760 0.2
4761 0.01
4762 0.41
4763 0
4764 0.1
4765 0.17
4766 0.07
4767 0.15
4768 0.08
4769 0.26
4770 0.13
4771 0.29
4772 0.19
4773 0.16
4774 0.07
4775 0.18
4776 0.08
4777 0.11
4778 0.18
4779 0.18
4780 0.23
4781 0.45
4782 0.06
4783 0.27
4784 0.11
4785 0.02
4786 0.25
4787 0.07
4788 0.18
4789 0.14
4790 0.38
4791 0.05
4792 0.1
4793 0.3
4794 0.1
4795 0.23
4796 0.05
4797 0.21
4798 0.17
4799 0.03
4800 0.24
4801 0.22
4802 0.03
4803 0
4804 0.1
4805 0.22
4806 0.27
4807 0.26
4808 0.08
4809 0.33
4810 0.06
4811 0.22
4812 0.1
4813 0.22
4814 0.15
4815 0.37
4816 0.24
4817 0.27
4818 0.14
4819 0.43
4820 0.14
4821 0.1
4822 0.09
4823 0
4824 0.24
4825 0.27
4826 0.31
4827 0.13
4828 0.21
4829 0.21
4830 0.07
4831 0.03
4832 0.21
4833 0.05
4834 0.29
4835 0.23
4836 0.16
4837 0.38
4838 0.08
4839 0.15
4840 0.26
4841 0.34
4842 0.29
4843 0.1
4844 0.25
4845 0.23
4846 0.1
4847 0.21
4848 0.2
4849 0.13
4850 0.26
4851 0.23
4852 0.18
4853 0.07
4854 0.03
4855 0.31
4856 0.35
4857 0.08
4858 0.6
4859 0.32
4860 0.44
4861 0.21
4862 0.35
4863 0.04
4864 0.36
4865 0.1
4866 0.12
4867 0.19
4868 0.22
4869 0.06
4870 0.21
4871 0.17
4872 0.04
4873 0.06
4874 0.06
4875 0.25
4876 0.06
4877 0.17
4878 0.2
4879 0.04
4880 0.12
4881 0.35
4882 0.2
4883 0.55
4884 0.18
4885 0.15
4886 0.44
4887 0.34
4888 0.09
4889 0.15
4890 0.48
4891 0.07
4892 0.14
4893 0.36
4894 0.27
4895 0.11
4896 0.43
4897 0.21
4898 0.12
4899 0.15
4900 0.05
4901 0.05
4902 0.13
4903 0.03
4904 0.27
4905 0.14
4906 0.25
4907 0.22
4908 0.08
4909 0.33
4910 0.19
4911 0.21
4912 0.2
4913 0.17
4914 0.62
4915 0.07
4916 0.1
4917 0
4918 0.07
4919 0.32
4920 0.16
4921 0.23
4922 0.16
4923 0.16
4924 0.1
4925 0.09
4926 0.23
4927 0.2
4928 0.05
4929 0.39
4930 0.16
4931 0.11
4932 0.16
4933 0.06
4934 0.4
4935 0.05
4936 0.02
4937 0.07
4938 0.14
4939 0.11
4940 0.24
4941 0.16
4942 0.18
4943 0.1
4944 0.08
4945 0.36
4946 0.18
4947 0.04
4948 0.35
4949 0.16
4950 0.23
4951 0.04
4952 0.12
4953 0.12
4954 0.16
4955 0.26
4956 0.34
4957 0.29
4958 0.07
4959 0.17
4960 0.2
4961 0.11
4962 0.2
4963 0.17
4964 0.25
4965 0.16
4966 0.28
4967 0.3
4968 0.04
4969 0.21
4970 0.1
4971 0.24
4972 0.11
4973 0.03
4974 0.2
4975 0.08
4976 0.02
4977 0.22
4978 0.43
4979 0.25
4980 0.23
4981 0.19
4982 0.09
4983 0.05
4984 0.05
4985 0.27
4986 0.32
4987 0.19
4988 0.08
4989 0.38
4990 0.1
4991 0.09
4992 0.21
4993 0.15
4994 0.14
4995 0.32
4996 0.06
4997 0.29
4998 0.18
4999 0.17
5000 0.13
5001 0.17
5002 0.03
5003 0.03
5004 0.03
5005 0.3
5006 0.25
5007 0.13
5008 0.3
5009 0.18
5010 0.21
5011 0.08
5012 0.04
5013 0.17
5014 0.09
5015 0.25
5016 0.17
5017 0.31
5018 0.11
5019 0.17
5020 0.48
5021 0.14
5022 0.28
5023 0.04
5024 0.38
5025 0.63
5026 0.16
5027 0.16
5028 0.09
5029 0.06
5030 0.06
5031 0.22
5032 0.06
5033 0.09
5034 0.43
5035 0.02
5036 0
5037 0.06
5038 0.13
5039 0.12
5040 0.15
5041 0.02
5042 0.26
5043 0.29
5044 0.05
5045 0.05
5046 0.07
5047 0.06
5048 0.12
5049 0.18
5050 0.19
5051 0.31
5052 0.13
5053 0.06
5054 0.23
5055 0.13
5056 0.03
5057 0.31
5058 0.23
5059 0.16
5060 0.18
5061 0.07
5062 0.22
5063 0.12
5064 0.16
5065 0
5066 0.05
5067 0.4
5068 0.04
5069 0.12
5070 0.17
5071 0.39
5072 0
5073 0.13
5074 0.13
5075 0.03
5076 0.19
5077 0.36
5078 0.06
5079 0.15
5080 0.05
5081 0.33
5082 0.05
5083 0.45
5084 0.22
5085 0.17
5086 0.06
5087 0.09
5088 0.13
5089 0.18
5090 0.06
5091 0.34
5092 0.27
5093 0.6
5094 0.03
5095 0.1
5096 0.06
5097 0.24
5098 0.09
5099 0.08
5100 0.2
5101 0.03
5102 0.1
5103 0.12
5104 0.26
5105 0.37
5106 0.27
5107 0.21
5108 0.04
5109 0.1
5110 0.06
5111 0.12
5112 0.05
5113 0.21
5114 0.05
5115 0.11
5116 0.17
5117 0.13
5118 0.04
5119 0.03
5120 0.31
5121 0.07
5122 0.54
5123 0.11
5124 0.09
5125 0.04
5126 0.1
5127 0.19
5128 0.18
5129 0.1
5130 0.03
5131 0.24
5132 0.07
5133 0.06
5134 0.16
5135 0.12
5136 0.08
5137 0.2
5138 0.32
5139 0.03
5140 0.11
5141 0.17
5142 0.14
5143 0.18
5144 0.22
5145 0.08
5146 0.3
5147 0.13
5148 0.3
5149 0.2
5150 0.28
5151 0.38
5152 0.37
5153 0.09
5154 0.24
5155 0.41
5156 0.17
5157 0.04
5158 0.21
5159 0.1
5160 0.35
5161 0.27
5162 0.1
5163 0.05
5164 0.04
5165 0.18
5166 0.15
5167 0.14
5168 0.2
5169 0.14
5170 0.14
5171 0.07
5172 0.39
5173 0.27
5174 0.3
5175 0.12
5176 0.13
5177 0.36
5178 0.15
5179 0.03
5180 0.25
5181 0.13
5182 0.25
5183 0.35
5184 0.46
5185 0.42
5186 0.5
5187 0.27
5188 0.32
5189 0
5190 0.11
5191 0.12
5192 0.15
5193 0.22
5194 0.17
5195 0.12
5196 0.03
5197 0.3
5198 0.41
5199 0.34
5200 0.09
5201 0.07
5202 0.25
5203 0.17
5204 0.05
5205 0.13
5206 0.66
5207 0.13
5208 0.21
5209 0.17
5210 0.07
5211 0.07
5212 0.17
5213 0.1
5214 0.05
5215 0.1
5216 0.2
5217 0.1
5218 0.31
5219 0.04
5220 0.16
5221 0.29
5222 0.12
5223 0.09
5224 0.09
5225 0.18
5226 0.21
5227 0.31
5228 0.18
5229 0.52
5230 0.05
5231 0.04
5232 0.31
5233 0.15
5234 0.11
5235 0.07
5236 0.22
5237 0.23
5238 0.19
5239 0.09
5240 0.09
5241 0.17
5242 0.43
5243 0.34
5244 0.3
5245 0.49
5246 0.02
5247 0.08
5248 0.2
5249 0.15
5250 0.06
5251 0.18
5252 0.14
5253 0.41
5254 0.13
5255 0.26
5256 0.17
5257 0.37
5258 0.14
5259 0.06
5260 0.31
5261 0.11
5262 0.3
5263 0.33
5264 0.08
5265 0.15
5266 0.3
5267 0.11
5268 0.15
5269 0.23
5270 0.21
5271 0.05
5272 0.11
5273 0.15
5274 0.24
5275 0.48
5276 0.15
5277 0.17
5278 0.2
5279 0.15
5280 0.03
5281 0.56
5282 0.15
5283 0.29
5284 0.11
5285 0.23
5286 0.06
5287 0.12
5288 0.36
5289 0.15
5290 0.35
5291 0.45
5292 0.2
5293 0.23
5294 0.58
5295 0.12
5296 0.16
5297 0.02
5298 0.01
5299 0.21
5300 0.17
5301 0.17
5302 0.34
5303 0.16
5304 0.08
5305 0.33
5306 0.26
5307 0.15
5308 0.23
5309 0.48
5310 0.17
5311 0.24
5312 0.25
5313 0.07
5314 0.22
5315 0.11
5316 0.25
5317 0.2
5318 0.04
5319 0.09
5320 0.16
5321 0.12
5322 0.1
5323 0.22
5324 0.18
5325 0.22
5326 0.07
5327 0.31
5328 0.19
5329 0.14
5330 0.08
5331 0
5332 0.02
5333 0.12
5334 0.07
5335 0.22
5336 0.14
5337 0.14
5338 0.03
5339 0.05
5340 0
5341 0.18
5342 0.24
5343 0.1
5344 0.04
5345 0.02
5346 0.11
5347 0.19
5348 0.06
5349 0.12
5350 0.34
5351 0.07
5352 0.1
5353 0.31
5354 0.26
5355 0.11
5356 0.02
5357 0.26
5358 0.25
5359 0.05
5360 0.09
5361 0.06
5362 0.22
5363 0.12
5364 0.16
5365 0.11
5366 0.06
5367 0.32
5368 0.17
5369 0.31
5370 0.17
5371 0.17
5372 0.11
5373 0.34
5374 0.17
5375 0.29
5376 0.13
5377 0.33
5378 0.31
5379 0.15
5380 0.31
5381 0.16
5382 0.06
5383 0.3
5384 0.04
5385 0.05
5386 0.15
5387 0.03
5388 0.32
5389 0.08
5390 0.2
5391 0.06
5392 0.16
5393 0.1
5394 0.12
5395 0.07
5396 0.27
5397 0.04
5398 0.21
5399 0.04
5400 0.16
5401 0.39
5402 0.19
5403 0.39
5404 0.21
5405 0.19
5406 0.24
5407 0.4
5408 0.14
5409 0.03
5410 0.04
5411 0.15
5412 0.11
5413 0.03
5414 0.06
5415 0.27
5416 0.32
5417 0.27
5418 0.06
5419 0.22
5420 0.22
5421 0.35
5422 0.25
5423 0.4
5424 0.08
5425 0.22
5426 0.11
5427 0.23
5428 0.07
5429 0.12
5430 0.21
5431 0.17
5432 0.03
5433 0.28
5434 0.16
5435 0.02
5436 0.21
5437 0.05
5438 0.13
5439 0.14
5440 0.07
5441 0.24
5442 0.02
5443 0.29
5444 0.2
5445 0.06
5446 0.05
5447 0.07
5448 0.31
5449 0.31
5450 0.14
5451 0.02
5452 0.31
5453 0.11
5454 0.03
5455 0.07
5456 0.27
5457 0.12
5458 0.21
5459 0.16
5460 0.11
5461 0.45
5462 0.27
5463 0.17
5464 0.05
5465 0.1
5466 0.16
5467 0.07
5468 0.12
5469 0.04
5470 0.18
5471 0.07
5472 0.28
5473 0.45
5474 0.16
5475 0.29
5476 0.08
5477 0.33
5478 0.23
5479 0.17
5480 0.13
5481 0.12
5482 0.09
5483 0.29
5484 0.36
5485 0.22
5486 0.19
5487 0.14
5488 0.38
5489 0.13
5490 0
5491 0.27
5492 0.19
5493 0.17
5494 0.1
5495 0.44
5496 0.1
5497 0.33
5498 0.25
5499 0.09
5500 0.12
5501 0.36
5502 0.07
5503 0.04
5504 0.05
5505 0.25
5506 0
5507 0.14
5508 0.19
5509 0.46
5510 0.21
5511 0.01
5512 0.31
5513 0.06
5514 0.17
5515 0.09
5516 0.15
5517 0.26
5518 0.13
5519 0.13
5520 0.19
5521 0.24
5522 0.23
5523 0.14
5524 0.15
5525 0.19
5526 0.18
5527 0.38
5528 0.21
5529 0.11
5530 0.19
5531 0.13
5532 0.06
5533 0.16
5534 0.12
5535 0.23
5536 0.08
5537 0.21
5538 0.2
5539 0.1
5540 0.57
5541 0.13
5542 0.11
5543 0.17
5544 0.36
5545 0.39
5546 0.56
5547 0.29
5548 0.13
5549 0.12
5550 0.12
5551 0.12
5552 0.15
5553 0.02
5554 0.21
5555 0.06
5556 0.34
5557 0.11
5558 0.08
5559 0.11
5560 0.39
5561 0.02
5562 0.21
5563 0.3
5564 0.15
5565 0.21
5566 0.08
5567 0.01
5568 0.52
5569 0.28
5570 0.12
5571 0.12
5572 0.1
5573 0.26
5574 0.3
5575 0.17
5576 0.09
5577 0.24
5578 0.09
5579 0.09
5580 0.34
5581 0.1
5582 0.16
5583 0.09
5584 0.09
5585 0.05
5586 0.46
5587 0.16
5588 0.41
5589 0.11
5590 0.17
5591 0.11
5592 0.09
5593 0.03
5594 0.2
5595 0.07
5596 0.04
5597 0.8
5598 0.25
5599 0.19
5600 0.15
5601 0.29
5602 0.37
5603 0.01
5604 0.22
5605 0.16
5606 0.03
5607 0.21
5608 0.29
5609 0.11
5610 0.14
5611 0.21
5612 0.06
5613 0.2
5614 0.34
5615 0.05
5616 0.15
5617 0.12
5618 0.1
5619 0.2
5620 0.03
5621 0.15
5622 0.08
5623 0.24
5624 0.35
5625 0.05
5626 0.08
5627 0.15
5628 0.55
5629 0
5630 0.17
5631 0.05
5632 0.17
5633 0.19
5634 0.36
5635 0.13
5636 0.18
5637 0.04
5638 0.15
5639 0.06
5640 0.37
5641 0.21
5642 0.07
5643 0.05
5644 0.23
5645 0.07
5646 0.11
5647 0.4
5648 0.04
5649 0.07
5650 0.07
5651 0.19
5652 0
5653 0.18
5654 0.16
5655 0.07
5656 0.25
5657 0.25
5658 0.2
5659 0.13
5660 0.03
5661 0.2
5662 0.11
5663 0.09
5664 0.07
5665 0.33
5666 0.09
5667 0.05
5668 0.12
5669 0.09
5670 0
5671 0.14
5672 0.09
5673 0.15
5674 0.29
5675 0.12
5676 0.16
5677 0.09
5678 0.04
5679 0.15
5680 0.03
5681 0.21
5682 0.29
5683 0.29
5684 0.14
5685 0.35
5686 0.26
5687 0.19
5688 0.52
5689 0.04
5690 0.29
5691 0.09
5692 0.06
5693 0.1
5694 0.42
5695 0.4
5696 0.02
5697 0.2
5698 0.15
5699 0.1
5700 0
5701 0.17
5702 0.31
5703 0.18
5704 0.15
5705 0.08
5706 0.12
5707 0.18
5708 0.07
5709 0.42
5710 0.24
5711 0.21
5712 0.04
5713 0.24
5714 0.06
5715 0.06
5716 0.42
5717 0.11
5718 0.03
5719 0.28
5720 0.16
5721 0.14
5722 0.22
5723 0.12
5724 0.1
5725 0.38
5726 0.25
5727 0.5
5728 0.15
5729 0.17
5730 0.07
5731 0.26
5732 0.21
5733 0.13
5734 0.32
5735 0.02
5736 0.49
5737 0.04
5738 0.27
5739 0.04
5740 0.23
5741 0.15
5742 0.11
5743 0.17
5744 0.27
5745 0.11
5746 0.07
5747 0.09
5748 0.09
5749 0.1
5750 0.13
5751 0.05
5752 0.13
5753 0.11
5754 0.18
5755 0.17
5756 0.24
5757 0.15
5758 0.22
5759 0.12
5760 0.28
5761 0.12
5762 0.09
5763 0.14
5764 0.04
5765 0.16
5766 0.28
5767 0.5
5768 0.15
5769 0.12
5770 0.25
5771 0.02
5772 0.25
5773 0.14
5774 0.13
5775 0.05
5776 0.14
5777 0.49
5778 0.14
5779 0.12
5780 0.18
5781 0.17
5782 0.4
5783 0.16
5784 0.17
5785 0.07
5786 0.11
5787 0.16
5788 0.03
5789 0.22
5790 0.14
5791 0.16
5792 0.19
5793 0.37
5794 0.35
5795 0.04
5796 0.2
5797 0.55
5798 0.29
5799 0.12
5800 0.15
5801 0.12
5802 0.11
5803 0.06
5804 0.26
5805 0.26
5806 0.29
5807 0.37
5808 0.09
5809 0.24
5810 0.26
5811 0.21
5812 0.07
5813 0.11
5814 0.09
5815 0.2
5816 0.08
5817 0.1
5818 0.22
5819 0.07
5820 0.03
5821 0.4
5822 0.08
5823 0.56
5824 0.22
5825 0.25
5826 0.06
5827 0.19
5828 0.33
5829 0.26
5830 0.08
5831 0.2
5832 0.47
5833 0.25
5834 0.44
5835 0.24
5836 0.39
5837 0.14
5838 0.12
5839 0.05
5840 0.15
5841 0
5842 0.37
5843 0.16
5844 0.23
5845 0.16
5846 0.15
5847 0.13
5848 0.07
5849 0.1
5850 0.29
5851 0.15
5852 0.21
5853 0.01
5854 0.09
5855 0.23
5856 0.13
5857 0.09
5858 0.15
5859 0.1
5860 0.36
5861 0.75
5862 0.08
5863 0.4
5864 0.37
5865 0.62
5866 0.16
5867 0.22
5868 0.21
5869 0.09
5870 0.11
5871 0.21
5872 0.14
5873 0.15
5874 0.2
5875 0.24
5876 0.25
5877 0.25
5878 0.29
5879 0.09
5880 0.13
5881 0.23
5882 0.26
5883 0.16
5884 0.15
5885 0.34
5886 0
5887 0.19
5888 0.29
5889 0.09
5890 0.28
5891 0.24
5892 0.45
5893 0.27
5894 0.15
5895 0.22
5896 0.32
5897 0.29
5898 0.47
5899 0.28
5900 0.22
5901 0.07
5902 0.17
5903 0.13
5904 0.31
5905 0.19
5906 0.04
5907 0.15
5908 0.22
5909 0.15
5910 0
5911 0.09
5912 0.3
5913 0.11
5914 0.07
5915 0.15
5916 0.18
5917 0.25
5918 0.42
5919 0.31
5920 0.29
5921 0.47
5922 0.09
5923 0.09
5924 0.25
5925 0.31
5926 0.05
5927 0.14
5928 0.2
5929 0.22
5930 0.47
5931 0.1
5932 0.26
5933 0.31
5934 0.09
5935 0.03
5936 0.73
5937 0.28
5938 0.34
5939 0.07
5940 0.03
5941 0.11
5942 0.31
5943 0.11
5944 0.02
5945 0.1
5946 0.24
5947 0.45
5948 0.49
5949 0.07
5950 0
5951 0.14
5952 0.06
5953 0.25
5954 0.04
5955 0.31
5956 0.12
5957 0.04
5958 0.58
5959 0.31
5960 0.16
5961 0.02
5962 0.07
5963 0.08
5964 0.21
5965 0.03
5966 0.11
5967 0.14
5968 0.06
5969 0.32
5970 0.14
5971 0.11
5972 0.27
5973 0.29
5974 0.31
5975 0.1
5976 0.19
5977 0.07
5978 0.1
5979 0.08
5980 0.09
5981 0.3
5982 0.08
5983 0.39
5984 0.21
5985 0.36
5986 0.3
5987 0.15
5988 0.11
5989 0.21
5990 0.13
5991 0.23
5992 0.41
5993 0.08
5994 0.33
5995 0.07
5996 0.28
5997 0.11
5998 0.34
5999 0.91
6000 0.11
6001 0.34
6002 0.04
6003 0.32
6004 0.24
6005 0.31
6006 0.2
6007 0.53
6008 0.22
6009 0.22
6010 0.11
6011 0.14
6012 0.11
6013 0.04
6014 0.11
6015 0.5
6016 0.35
6017 0.12
6018 0.13
6019 0.25
6020 0.08
6021 0.26
6022 0
6023 0.57
6024 0.28
6025 0.19
6026 0.09
6027 0.42
6028 0.06
6029 0.13
6030 0.21
6031 0.14
6032 0.34
6033 0.25
6034 0.19
6035 0.36
6036 0.14
6037 0.15
6038 0.18
6039 0.24
6040 0.14
6041 0.08
6042 0.4
6043 0.17
6044 0.12
6045 0.3
6046 0.11
6047 0.11
6048 0.16
6049 0.08
6050 0.32
6051 0.15
6052 0.06
6053 0.38
6054 0.32
6055 0.3
6056 0.56
6057 0.52
6058 0.34
6059 0.07
6060 0.24
6061 0.19
6062 0.3
6063 0.08
6064 0.21
6065 0.08
6066 0.18
6067 0.22
6068 0.18
6069 0.12
6070 0.07
6071 0.31
6072 0.44
6073 0.01
6074 0.31
6075 0.14
6076 0.28
6077 0.08
6078 0.17
6079 0.11
6080 0.65
6081 0.14
6082 0.04
6083 0.35
6084 0.12
6085 0.18
6086 0.18
6087 0.21
6088 0.05
6089 0.12
6090 0.05
6091 0.22
6092 0.04
6093 0.12
6094 0.28
6095 0.16
6096 0.1
6097 0.15
6098 0.34
6099 0.25
6100 0.23
6101 0.01
6102 0.02
6103 0.32
6104 0.05
6105 0.56
6106 0.11
6107 0.31
6108 0.22
6109 0.38
6110 0.12
6111 0.23
6112 0.18
6113 0.12
6114 0.28
6115 0.03
6116 0.23
6117 0.41
6118 0.06
6119 0.19
6120 0.47
6121 0.09
6122 0.11
6123 0.22
6124 0.13
6125 0.06
6126 0.22
6127 0.21
6128 0.15
6129 0.11
6130 0.42
6131 0.32
6132 0.46
6133 0.11
6134 0.07
6135 0.14
6136 0.15
6137 0.3
6138 0.06
6139 0.04
6140 0.08
6141 0.31
6142 0.03
6143 0.06
6144 0.14
6145 0.25
6146 0.28
6147 0.46
6148 0.12
6149 0.28
6150 0.05
6151 0.12
6152 0.27
6153 0.05
6154 0.36
6155 0.17
6156 0.33
6157 0.23
6158 0.03
6159 0.2
6160 0.15
6161 0.23
6162 0.33
6163 0.42
6164 0.15
6165 0.14
6166 0.12
6167 0.13
6168 0.17
6169 0.33
6170 0.34
6171 0.11
6172 0.18
6173 0.18
6174 0.18
6175 0.09
6176 0.27
6177 0.51
6178 0.03
6179 0.12
6180 0.17
6181 0.37
6182 0.25
6183 0.09
6184 0.15
6185 0.21
6186 0.19
6187 0.14
6188 0.06
6189 0.16
6190 0.4
6191 0.38
6192 0.07
6193 0.15
6194 0.11
6195 0.4
6196 0.26
6197 0.18
6198 0.19
6199 0.4
6200 0.1
6201 0.16
6202 0.09
6203 0.16
6204 0.16
6205 0.05
6206 0.3
6207 0.18
6208 0.49
6209 0.23
6210 0.18
6211 0.23
6212 0.06
6213 0.03
6214 0.36
6215 0.12
6216 0.07
6217 0.25
6218 0.16
6219 0.08
6220 0.07
6221 0.63
6222 0.29
6223 0.07
6224 0.1
6225 0.13
6226 0.36
6227 0.74
6228 0.1
6229 0.16
6230 0.15
6231 0.25
6232 0
6233 0.13
6234 0.21
6235 0.14
6236 0.14
6237 0.22
6238 0.29
6239 0.09
6240 0.12
6241 0.32
6242 0.36
6243 0.01
6244 0.26
6245 0.07
6246 0.01
6247 0.26
6248 0.08
6249 0.14
6250 0.09
6251 0.16
6252 0.14
6253 0.07
6254 0.36
6255 0.03
6256 0.13
6257 0.44
6258 0.03
6259 0.15
6260 0.43
6261 0.39
6262 0.32
6263 0.05
6264 0.13
6265 0.25
6266 0.14
6267 0.25
6268 0.08
6269 0.24
6270 0.03
6271 0.02
6272 0.13
6273 0.36
6274 0.2
6275 0.24
6276 0.08
6277 0.24
6278 0.07
6279 0.09
6280 0.18
6281 0.02
6282 0.35
6283 0.12
6284 0.15
6285 0.1
6286 0.03
6287 0.14
6288 0.06
6289 0.19
6290 0.11
6291 0.4
6292 0.39
6293 0.21
6294 0.06
6295 0.34
6296 0.28
6297 0.16
6298 0.18
6299 0.22
6300 0
6301 0.04
6302 0.13
6303 0.04
6304 0.38
6305 0.16
6306 0.01
6307 0.15
6308 0.09
6309 0.15
6310 0.15
6311 0.11
6312 0.18
6313 0.05
6314 0.54
6315 0.19
6316 0.12
6317 0.16
6318 0.14
6319 0.07
6320 0.21
6321 0.51
6322 0.16
6323 0.05
6324 0.31
6325 0.23
6326 0.14
6327 0.03
6328 0.06
6329 0.12
6330 0.07
6331 0.04
6332 0.34
6333 0.05
6334 0.53
6335 0.05
6336 0.09
6337 0.08
6338 0.2
6339 0.14
6340 0.18
6341 0.3
6342 0.09
6343 0.1
6344 0.31
6345 0.21
6346 0.16
6347 0.12
6348 0.07
6349 0.15
6350 0.04
6351 0.39
6352 0.61
6353 0.04
6354 0.06
6355 0.53
6356 0.05
6357 0.43
6358 0.08
6359 0.26
6360 0.37
6361 0.07
6362 0.04
6363 0.23
6364 0.03
6365 0.37
6366 0.3
6367 0.02
6368 0.03
6369 0.06
6370 0.24
6371 0
6372 0.47
6373 0.24
6374 0.4
6375 0.23
6376 0.19
6377 0.03
6378 0.04
6379 0.23
6380 0.34
6381 0.23
6382 0.26
6383 0.08
6384 0.3
6385 0.11
6386 0.17
6387 0.17
6388 0.12
6389 0.37
6390 0.2
6391 0.16
6392 0.09
6393 0.11
6394 0.12
6395 0.05
6396 0.21
6397 0.11
6398 0.31
6399 0.45
6400 0.45
6401 0.3
6402 0.2
6403 0.14
6404 0.21
6405 0.2
6406 0.23
6407 0.06
6408 0.12
6409 0.18
6410 0.23
6411 0.15
6412 0.35
6413 0.19
6414 0.04
6415 0.58
6416 0.46
6417 0.04
6418 0.48
6419 0.18
6420 0.21
6421 0.1
6422 0.07
6423 0.12
6424 0.05
6425 0.19
6426 0.16
6427 0.21
6428 0.15
6429 0.11
6430 0.13
6431 0.05
6432 0.08
6433 0.39
6434 0.03
6435 0.18
6436 0.11
6437 0.26
6438 0.06
6439 0.13
6440 0.11
6441 0.17
6442 0.14
6443 0.4
6444 0.27
6445 0.16
6446 0.29
6447 0.2
6448 0.24
6449 0.12
6450 0.28
6451 0.18
6452 0.02
6453 0.22
6454 0.21
6455 0.14
6456 0.42
6457 0.5
6458 0.14
6459 0.18
6460 0.05
6461 0.13
6462 0.04
6463 0.15
6464 0.03
6465 0.19
6466 0.27
6467 0.4
6468 0.39
6469 0.14
6470 0.04
6471 0.05
6472 0.08
6473 0.15
6474 0.12
6475 0.16
6476 0.34
6477 0.26
6478 0.04
6479 0.06
6480 0.24
6481 0.22
6482 0.4
6483 0.18
6484 0.17
6485 0.02
6486 0.1
6487 0.02
6488 0.07
6489 0.16
6490 0.46
6491 0.2
6492 0.27
6493 0.25
6494 0.11
6495 0.06
6496 0.27
6497 0.38
6498 0.09
6499 0.1
6500 0.13
6501 0.03
6502 0.04
6503 0.13
6504 0.42
6505 0.18
6506 0.26
6507 0.31
6508 0.37
6509 0.03
6510 0.17
6511 0.06
6512 0.08
6513 0.16
6514 0.21
6515 0.48
6516 0.44
6517 0.32
6518 0.39
6519 0.34
6520 0.21
6521 0.1
6522 0.06
6523 0.15
6524 0.09
6525 0.06
6526 0.34
6527 0.03
6528 0.12
6529 0.04
6530 0.03
6531 0.07
6532 0.4
6533 0.51
6534 0.43
6535 0.31
6536 0.09
6537 0.17
6538 0.33
6539 0.22
6540 0.16
6541 0.16
6542 0.11
6543 0.15
6544 0.21
6545 0.1
6546 0.3
6547 0.19
6548 0.02
6549 0.22
6550 0.16
6551 0.19
6552 0.19
6553 0.34
6554 0.4
6555 0.04
6556 0.42
6557 0.36
6558 0.13
6559 0.25
6560 0.19
6561 0.21
6562 0.17
6563 0.02
6564 0.14
6565 0.12
6566 0.1
6567 0.1
6568 0.2
6569 0.09
6570 0.03
6571 0.14
6572 0.12
6573 0.14
6574 0
6575 0.1
6576 0.28
6577 0.09
6578 0.17
6579 0.21
6580 0.3
6581 0.02
6582 0.17
6583 0.25
6584 0.15
6585 0.03
6586 0.1
6587 0.22
6588 0.12
6589 0.07
6590 0.04
6591 0.2
6592 0.41
6593 0.31
6594 0.56
6595 0.2
6596 0.28
6597 0.09
6598 0.25
6599 0.13
6600 0.1
6601 0.36
6602 0.38
6603 0.15
6604 0.25
6605 0.11
6606 0.07
6607 0.08
6608 0.08
6609 0.2
6610 0.07
6611 0.07
6612 0.41
6613 0.19
6614 0.38
6615 0.21
6616 0.13
6617 0.03
6618 0.04
6619 0.52
6620 0.03
6621 0.39
6622 0.07
6623 0.08
6624 0.09
6625 0.13
6626 0.05
6627 0
6628 0.09
6629 0.21
6630 0.1
6631 0.25
6632 0.11
6633 0.16
6634 0.13
6635 0.31
6636 0.2
6637 0.22
6638 0.19
6639 0.18
6640 0.16
6641 0.08
6642 0.12
6643 0.14
6644 0.22
6645 0.21
6646 0.23
6647 0.03
6648 0.18
6649 0.2
6650 0.21
6651 0
6652 0.6
6653 0.21
6654 0.19
6655 0.22
6656 0.23
6657 0.3
6658 0.06
6659 0.18
6660 0.23
6661 0.17
6662 0.05
6663 0.15
6664 0.1
6665 0.17
6666 0.05
6667 0.31
6668 0.03
6669 0.22
6670 0.11
6671 0.1
6672 0.15
6673 0.17
6674 0.12
6675 0.2
6676 0.2
6677 0.1
6678 0.07
6679 0.49
6680 0.01
6681 0.4
6682 0.06
6683 0.14
6684 0.05
6685 0.26
6686 0.44
6687 0.43
6688 0.08
6689 0.26
6690 0.36
6691 0.26
6692 0.34
6693 0.22
6694 0.18
6695 0.12
6696 0.28
6697 0.1
6698 0.29
6699 0.33
6700 0.08
6701 0.19
6702 0.08
6703 0.15
6704 0.03
6705 0.13
6706 0.18
6707 0.32
6708 0.03
6709 0.09
6710 0.03
6711 0.1
6712 0.44
6713 0.12
6714 0.19
6715 0.05
6716 0.32
6717 0.15
6718 0.13
6719 0.09
6720 0.07
6721 0.19
6722 0.11
6723 0.39
6724 0.1
6725 0.11
6726 0.22
6727 0.09
6728 0.08
6729 0.46
6730 0.48
6731 0.21
6732 0.25
6733 0.26
6734 0.38
6735 0.22
6736 0.16
6737 0.23
6738 0.03
6739 0.31
6740 0.05
6741 0.17
6742 0.07
6743 0.16
6744 0.07
6745 0.2
6746 0.37
6747 0.15
6748 0.35
6749 0.08
6750 0.05
6751 0.23
6752 0.07
6753 0.13
6754 0.06
6755 0
6756 0.23
6757 0.19
6758 0.31
6759 0.22
6760 0.26
6761 0.17
6762 0.19
6763 0.17
6764 0.39
6765 0.11
6766 0.08
6767 0.26
6768 0.07
6769 0.25
6770 0.14
6771 0.14
6772 0.08
6773 0.11
6774 0.28
6775 0.26
6776 0.09
6777 0.14
6778 0
6779 0.28
6780 0.32
6781 0.53
6782 0.23
6783 0.1
6784 0.14
6785 0.04
6786 0.22
6787 0.17
6788 0.14
6789 0.15
6790 0.16
6791 0.07
6792 0.58
6793 0.2
6794 0.22
6795 0.35
6796 0.17
6797 0.12
6798 0.23
6799 0.24
6800 0.25
6801 0
6802 0
6803 0.09
6804 0.2
6805 0.07
6806 0.08
6807 0.25
6808 0.15
6809 0.18
6810 0.61
6811 0.07
6812 0.14
6813 0.03
6814 0.06
6815 0.1
6816 0.29
6817 0.23
6818 0.02
6819 0.24
6820 0.06
6821 0.29
6822 0
6823 0.23
6824 0.25
6825 0.05
6826 0.11
6827 0.42
6828 0.09
6829 0.17
6830 0.72
6831 0.2
6832 0.06
6833 0.12
6834 0.15
6835 0.28
6836 0.39
6837 0.17
6838 0.15
6839 0.28
6840 0.16
6841 0.13
6842 0.2
6843 0.09
6844 0.23
6845 0.27
6846 0.05
6847 0.07
6848 0.26
6849 0.2
6850 0.08
6851 0.28
6852 0.25
6853 0.26
6854 0.04
6855 0.15
6856 0.16
6857 0.03
6858 0.25
6859 0.27
6860 0.14
6861 0.17
6862 0.17
6863 0.04
6864 0.16
6865 0.07
6866 0.26
6867 0.08
6868 0.25
6869 0.23
6870 0.12
6871 0.35
6872 0.22
6873 0.04
6874 0.45
6875 0.11
6876 0.05
6877 0.09
6878 0.09
6879 0.17
6880 0.08
6881 0.29
6882 0.56
6883 0.05
6884 0.23
6885 0.08
6886 0.35
6887 0.32
6888 0.16
6889 0.13
6890 0.15
6891 0.13
6892 0.23
6893 0.12
6894 0.24
6895 0.11
6896 0.34
6897 0.23
6898 0.26
6899 0.23
6900 0.16
6901 0.26
6902 0.33
6903 0.54
6904 0.24
6905 0.17
6906 0.15
6907 0.13
6908 0.51
6909 0.03
6910 0.35
6911 0.24
6912 0.09
6913 0.11
6914 0.14
6915 0.33
6916 0.03
6917 0.15
6918 0.21
6919 0.18
6920 0.44
6921 0.04
6922 0.37
6923 0.16
6924 0.36
6925 0.03
6926 0.13
6927 0.19
6928 0.08
6929 0
6930 0.01
6931 0.05
6932 0.23
6933 0.09
6934 0.11
6935 0.04
6936 0.05
6937 0.15
6938 0.23
6939 0.08
6940 0.08
6941 0.13
6942 0.13
6943 0.24
6944 0.06
6945 0.2
6946 0.37
6947 0.38
6948 0.16
6949 0.07
6950 0.16
6951 0.19
6952 0.15
6953 0.09
6954 0.16
6955 0.11
6956 0.27
6957 0.19
6958 0.25
6959 0.41
6960 0.37
6961 0.27
6962 0.35
6963 0.29
6964 0.29
6965 0.04
6966 0.17
6967 0.2
6968 0.17
6969 0.08
6970 0.1
6971 0.34
6972 0.03
6973 0.06
6974 0.08
6975 0.12
6976 0.12
6977 0.13
6978 0.08
6979 0.46
6980 0.24
6981 0.06
6982 0.09
6983 0.12
6984 0.21
6985 0.16
6986 0.17
6987 0.11
6988 0.31
6989 0.13
6990 0.35
6991 0.27
6992 0.04
6993 0.24
6994 0.1
6995 0.33
6996 0.33
6997 0.12
6998 0.03
6999 0.32
7000 0.29
7001 0.06
7002 0.21
7003 0.21
7004 0.17
7005 0.11
7006 0.14
7007 0.16
7008 0.33
7009 0.07
7010 0.21
7011 0.27
7012 0.26
7013 0.2
7014 0.11
7015 0.18
7016 0.22
7017 0.17
7018 0.27
7019 0.3
7020 0.38
7021 0.26
7022 0.02
7023 0.28
7024 0.27
7025 0.1
7026 0.32
7027 0
7028 0.17
7029 0.11
7030 0.14
7031 0.16
7032 0.14
7033 0.05
7034 0.16
7035 0.17
7036 0.15
7037 0.34
7038 0.2
7039 0.24
7040 0.17
7041 0.18
7042 0.21
7043 0.25
7044 0.13
7045 0.29
7046 0.23
7047 0.39
7048 0.1
7049 0.27
7050 0.15
7051 0.14
7052 0.18
7053 0.22
7054 0.02
7055 0.21
7056 0.3
7057 0.03
7058 0.28
7059 0.16
7060 0.24
7061 0.21
7062 0.14
7063 0.43
7064 0.15
7065 0.14
7066 0.18
7067 0.11
7068 0.06
7069 0.09
7070 0.05
7071 0.13
7072 0.16
7073 0.26
7074 0.15
7075 0.38
7076 0.28
7077 0.04
7078 0.07
7079 0.37
7080 0.05
7081 0.19
7082 0.2
7083 0.34
7084 0.31
7085 0.03
7086 0.06
7087 0.14
7088 0.2
7089 0.18
7090 0.12
7091 0.19
7092 0.25
7093 0.29
7094 0.2
7095 0.36
7096 0.28
7097 0.32
7098 0.32
7099 0.03
7100 0.15
7101 0.24
7102 0.26
7103 0.27
7104 0.11
7105 0.08
7106 0.01
7107 0.04
7108 0.28
7109 0.28
7110 0.28
7111 0.19
7112 0.09
7113 0.33
7114 0.18
7115 0.04
7116 0.41
7117 0.18
7118 0.05
7119 0.23
7120 0.06
7121 0.21
7122 0.12
7123 0.08
7124 0.31
7125 0.29
7126 0.3
7127 0.1
7128 0.1
7129 0
7130 0.26
7131 0.11
7132 0.28
7133 0.09
7134 0.29
7135 0.31
7136 0.07
7137 0.18
7138 0.39
7139 0.13
7140 0.15
7141 0.17
7142 0.1
7143 0.23
7144 0.18
7145 0
7146 0.61
7147 0.08
7148 0.2
7149 0.21
7150 0.36
7151 0.21
7152 0.13
7153 0.12
7154 0.33
7155 0.06
7156 0.09
7157 0.08
7158 0.05
7159 0.17
7160 0.17
7161 0.13
7162 0.4
7163 0.07
7164 0.32
7165 0.33
7166 0.21
7167 0.22
7168 0.14
7169 0.33
7170 0.63
7171 0.05
7172 0.11
7173 0.18
7174 0.17
7175 0.01
7176 0.11
7177 0.17
7178 0.39
7179 0.13
7180 0.09
7181 0.07
7182 0.24
7183 0.11
7184 0.22
7185 0.24
7186 0.06
7187 0.13
7188 0.31
7189 0.23
7190 0.19
7191 0.49
7192 0.24
7193 0.17
7194 0.25
7195 0
7196 0.22
7197 0.26
7198 0.06
7199 0.24
7200 0.26
7201 0.39
7202 0.04
7203 0.07
7204 0.4
7205 0.34
7206 0.09
7207 0.08
7208 0.17
7209 0.25
7210 0.13
7211 0.14
7212 0.11
7213 0.26
7214 0.05
7215 0.12
7216 0.22
7217 0.18
7218 0.1
7219 0.16
7220 0.33
7221 0.16
7222 0.37
7223 0.1
7224 0
7225 0.64
7226 0.2
7227 0.21
7228 0.33
7229 0.21
7230 0.21
7231 0.19
7232 0.29
7233 0.06
7234 0.18
7235 0.08
7236 0.15
7237 0.18
7238 0.13
7239 0.33
7240 0.15
7241 0.18
7242 0.1
7243 0.12
7244 0.06
7245 0.2
7246 0.15
7247 0.14
7248 0.06
7249 0.19
7250 0.28
7251 0.07
7252 0.07
7253 0.1
7254 0.11
7255 0.29
7256 0.07
7257 0.11
7258 0.49
7259 0.06
7260 0
7261 0.19
7262 0.07
7263 0.29
7264 0.19
7265 0.27
7266 0.38
7267 0.1
7268 0.04
7269 0.03
7270 0.16
7271 0.05
7272 0.26
7273 0.42
7274 0.24
7275 0.06
7276 0.14
7277 0.4
7278 0.18
7279 0.07
7280 0.05
7281 0.19
7282 0.13
7283 0.13
7284 0.34
7285 0.31
7286 0.05
7287 0.14
7288 0.18
7289 0.05
7290 0.23
7291 0.19
7292 0.19
7293 0.19
7294 0.25
7295 0.18
7296 0.05
7297 0.27
7298 0.12
7299 0.14
7300 0.36
7301 0.08
7302 0.14
7303 0.09
7304 0.23
7305 0.14
7306 0.1
7307 0.12
7308 0.08
7309 0.3
7310 0.2
7311 0.11
7312 0.1
7313 0.09
7314 0.13
7315 0.12
7316 0.15
7317 0.2
7318 0.25
7319 0.04
7320 0.08
7321 0.1
7322 0.12
7323 0.13
7324 0.26
7325 0.16
7326 0.24
7327 0.26
7328 0.09
7329 0.13
7330 0.26
7331 0.23
7332 0.29
7333 0.17
7334 0.17
7335 0.19
7336 0.79
7337 0.3
7338 0.27
7339 0.17
7340 0.19
7341 0.3
7342 0.39
7343 0.28
7344 0.14
7345 0.26
7346 0.19
7347 0.07
7348 0
7349 0.53
7350 0.1
7351 0.27
7352 0.17
7353 0.3
7354 0.19
7355 0.1
7356 0.13
7357 0.46
7358 0.31
7359 0.13
7360 0.54
7361 0.3
7362 0.49
7363 0.08
7364 0.23
7365 0.58
7366 0.2
7367 0.1
7368 0.22
7369 0.11
7370 0.26
7371 0.14
7372 0.15
7373 0.22
7374 0.09
7375 0.06
7376 0.06
7377 0.14
7378 0.03
7379 0.04
7380 0.23
7381 0.06
7382 0.03
7383 0.21
7384 0.12
7385 0.13
7386 0.22
7387 0.17
7388 0.12
7389 0.05
7390 0.11
7391 0.26
7392 0.3
7393 0.02
7394 0.12
7395 0.23
7396 0.3
7397 0.02
7398 0.27
7399 0.18
7400 0.17
7401 0.1
7402 0.27
7403 0.03
7404 0.22
7405 0.22
7406 0.09
7407 0.05
7408 0.07
7409 0.1
7410 0.08
7411 0.07
7412 0.04
7413 0.19
7414 0.14
7415 0.47
7416 0.1
7417 0.11
7418 0.08
7419 0.09
7420 0.16
7421 0.2
7422 0.25
7423 0.15
7424 0.18
7425 0.09
7426 0.13
7427 0.33
7428 0.06
7429 0.14
7430 0.15
7431 0.27
7432 0.38
7433 0.22
7434 0.26
7435 0.2
7436 0.13
7437 0.11
7438 0.18
7439 0.37
7440 0.24
7441 0.06
7442 0.12
7443 0.19
7444 0.17
7445 0.12
7446 0.07
7447 0.06
7448 0.26
7449 0.14
7450 0.36
7451 0.1
7452 0.17
7453 0.66
7454 0
7455 0.08
7456 0.33
7457 0.05
7458 0.15
7459 0.16
7460 0.48
7461 0.25
7462 0.22
7463 0.04
7464 0.12
7465 0.58
7466 0.08
7467 0.06
7468 0.26
7469 0.14
7470 0.35
7471 0.2
7472 0.31
7473 0.15
7474 0.11
7475 0.23
7476 0.16
7477 0.11
7478 0.16
7479 0.25
7480 0.44
7481 0.23
7482 0.16
7483 0.03
7484 0.25
7485 0.16
7486 0.26
7487 0.05
7488 0.25
7489 0.31
7490 0.2
7491 0.27
7492 0.44
7493 0.14
7494 0.23
7495 0.22
7496 0.24
7497 0.18
7498 0.02
7499 0.16
7500 0.09
7501 0.17
7502 0.22
7503 0.08
7504 0.07
7505 0.28
7506 0.2
7507 0.27
7508 0.15
7509 0.33
7510 0.18
7511 0.21
7512 0.23
7513 0.09
7514 0.27
7515 0.16
7516 0.22
7517 0.14
7518 0.35
7519 0.05
7520 0.05
7521 0
7522 0.07
7523 0.19
7524 0.11
7525 0.18
7526 0.07
7527 0.33
7528 0.19
7529 0.54
7530 0.11
7531 0.04
7532 0.09
7533 0.22
7534 0.1
7535 0.18
7536 0.19
7537 0.2
7538 0.04
7539 0.15
7540 0.04
7541 0.2
7542 0.12
7543 0.26
7544 0.19
7545 0.04
7546 0.12
7547 0.12
7548 0.17
7549 0.16
7550 0.42
7551 0.11
7552 0.42
7553 0.15
7554 0.06
7555 0.12
7556 0.24
7557 0.23
7558 0.2
7559 0.02
7560 0.02
7561 0.18
7562 0.17
7563 0.07
7564 0.04
7565 0.07
7566 0.19
7567 0
7568 0.18
7569 0.36
7570 0.28
7571 0.04
7572 0.16
7573 0.59
7574 0.2
7575 0.28
7576 0.11
7577 0.26
7578 0.18
7579 0.18
7580 0.12
7581 0.3
7582 0.34
7583 0.12
7584 0.35
7585 0.02
7586 0.19
7587 0.31
7588 0.02
7589 0.12
7590 0.12
7591 0.1
7592 0.09
7593 0.14
7594 0.28
7595 0.1
7596 0.16
7597 0.1
7598 0.11
7599 0.31
7600 0.18
7601 0.1
7602 0.15
7603 0.26
7604 0.14
7605 0.02
7606 0.16
7607 0.17
7608 0.13
7609 0.18
7610 0.17
7611 0.34
7612 0.29
7613 0.07
7614 0.4
7615 0.07
7616 0.26
7617 0.31
7618 0.04
7619 0.13
7620 0.15
7621 0.09
7622 0.1
7623 0.13
7624 0.29
7625 0.05
7626 0.33
7627 0.13
7628 0.18
7629 0.11
7630 0.29
7631 0.12
7632 0.01
7633 0.06
7634 0.25
7635 0.23
7636 0.2
7637 0.18
7638 0.29
7639 0.1
7640 0.32
7641 0.11
7642 0.38
7643 0.22
7644 0.1
7645 0.14
7646 0.1
7647 0.04
7648 0.15
7649 0.31
7650 0.37
7651 0.05
7652 0.24
7653 0.22
7654 0.13
7655 0.11
7656 0.22
7657 0.22
7658 0.06
7659 0.07
7660 0.29
7661 0.11
7662 0.14
7663 0.1
7664 0.39
7665 0.21
7666 0.08
7667 0.2
7668 0.32
7669 0.21
7670 0.23
7671 0.27
7672 0.15
7673 0.19
7674 0.15
7675 0.12
7676 0.22
7677 0.39
7678 0.17
7679 0.23
7680 0.08
7681 0.21
7682 0.18
7683 0.08
7684 0.28
7685 0.22
7686 0.13
7687 0.09
7688 0.21
7689 0.48
7690 0.13
7691 0.1
7692 0.49
7693 0.39
7694 0.11
7695 0.28
7696 0.07
7697 0.07
7698 0.12
7699 0.21
7700 0.25
7701 0.22
7702 0.11
7703 0.1
7704 0.23
7705 0.24
7706 0.1
7707 0.11
7708 0.07
7709 0.04
7710 0.12
7711 0.12
7712 0.13
7713 0.06
7714 0.23
7715 0.2
7716 0.19
7717 0.04
7718 0.58
7719 0.04
7720 0.17
7721 0.04
7722 0.06
7723 0.22
7724 0.08
7725 0.06
7726 0.22
7727 0.09
7728 0.25
7729 0.23
7730 0.12
7731 0.11
7732 0.26
7733 0.12
7734 0.09
7735 0.12
7736 0.16
7737 0.46
7738 0.08
7739 0.43
7740 0.31
7741 0.4
7742 0.35
7743 0.04
7744 0.05
7745 0.31
7746 0.29
7747 0.21
7748 0.17
7749 0.25
7750 0.16
7751 0.09
7752 0.28
7753 0.15
7754 0.39
7755 0.3
7756 0.14
7757 0
7758 0.29
7759 0.1
7760 0.36
7761 0.1
7762 0.13
7763 0.23
7764 0.03
7765 0.14
7766 0.27
7767 0.36
7768 0.11
7769 0.1
7770 0.11
7771 0.04
7772 0.26
7773 0.09
7774 0.12
7775 0.07
7776 0.34
7777 0.07
7778 0.39
7779 0.11
7780 0.18
7781 0.18
7782 0.23
7783 0.1
7784 0.11
7785 0.33
7786 0.17
7787 0.08
7788 0.14
7789 0.2
7790 0.09
7791 0.02
7792 0.07
7793 0.03
7794 0.1
7795 0.33
7796 0.19
7797 0.09
7798 0.35
7799 0.2
7800 0.04
7801 0.18
7802 0.12
7803 0.1
7804 0.22
7805 0.08
7806 0.22
7807 0.16
7808 0.25
7809 0.12
7810 0.28
7811 0.17
7812 0.16
7813 0.08
7814 0.05
7815 0.16
7816 0.25
7817 0.22
7818 0.33
7819 0.27
7820 0.09
7821 0.12
7822 0.11
7823 0.2
7824 0.06
7825 0.08
7826 0.03
7827 0.02
7828 0.42
7829 0.18
7830 0.09
7831 0.14
7832 0.04
7833 0.13
7834 0.24
7835 0.18
7836 0.1
7837 0.19
7838 0.01
7839 0
7840 0.22
7841 0.27
7842 0.14
7843 0.29
7844 0.19
7845 0.22
7846 0.38
7847 0.03
7848 0.19
7849 0.07
7850 0.41
7851 0.24
7852 0.44
7853 0.3
7854 0.17
7855 0.15
7856 0.21
7857 0.23
7858 0.14
7859 0.04
7860 0.07
7861 0.09
7862 0.25
7863 0.5
7864 0.22
7865 0.43
7866 0.1
7867 0.04
7868 0.13
7869 0.28
7870 0.3
7871 0.31
7872 0.09
7873 0.28
7874 0.02
7875 0.22
7876 0.18
7877 0.2
7878 0.21
7879 0.17
7880 0.19
7881 0.32
7882 0.16
7883 0.32
7884 0.15
7885 0.15
7886 0.19
7887 0.39
7888 0.44
7889 0.02
7890 0.49
7891 0.2
7892 0.26
7893 0.25
7894 0.48
7895 0.13
7896 0.21
7897 0.1
7898 0.4
7899 0.24
7900 0.17
7901 0.15
7902 0.03
7903 0.06
7904 0.27
7905 0.13
7906 0.41
7907 0.29
7908 0.29
7909 0.32
7910 0.11
7911 0.23
7912 0.06
7913 0.31
7914 0.17
7915 0.1
7916 0.07
7917 0.52
7918 0.33
7919 0.08
7920 0.1
7921 0.28
7922 0.2
7923 0.09
7924 0.54
7925 0.1
7926 0.03
7927 0.4
7928 0.22
7929 0.04
7930 0.07
7931 0.18
7932 0.18
7933 0.34
7934 0.17
7935 0.09
7936 0
7937 0.04
7938 0.21
7939 0.24
7940 0.64
7941 0.15
7942 0.15
7943 0.04
7944 0.12
7945 0.05
7946 0.07
7947 0.36
7948 0.22
7949 0.1
7950 0.3
7951 0.13
7952 0.23
7953 0.04
7954 0.12
7955 0.14
7956 0.2
7957 0.04
7958 0.27
7959 0.21
7960 0.09
7961 0.16
7962 0.25
7963 0.29
7964 0.17
7965 0.21
7966 0.12
7967 0.25
7968 0.23
7969 0.15
7970 0.66
7971 0.68
7972 0.24
7973 0.07
7974 0.26
7975 0.16
7976 0.23
7977 0.27
7978 0.02
7979 0.44
7980 0.37
7981 0.3
7982 0.25
7983 0.02
7984 0.25
7985 0.12
7986 0.15
7987 0.54
7988 0.04
7989 0.05
7990 0.29
7991 0.09
7992 0.15
7993 0.29
7994 0.1
7995 0.33
7996 0.09
7997 0.21
7998 0.38
7999 0.26
8000 0.16
8001 0.24
8002 0.28
8003 0.33
8004 0.07
8005 0.04
8006 0.38
8007 0.18
8008 0.13
8009 0.13
8010 0.08
8011 0.23
8012 0.39
8013 0
8014 0.06
8015 0.12
8016 0.02
8017 0.03
8018 0.02
8019 0.37
8020 0.12
8021 0.33
8022 0.14
8023 0.23
8024 0.34
8025 0.35
8026 0.09
8027 0.02
8028 0.19
8029 0.13
8030 0.14
8031 0.15
8032 0.08
8033 0.26
8034 0.18
8035 0.07
8036 0.21
8037 0.08
8038 0.38
8039 0.39
8040 0.18
8041 0.16
8042 0.16
8043 0.19
8044 0.15
8045 0.21
8046 0.05
8047 0.08
8048 0.32
8049 0.19
8050 0.16
8051 0.2
8052 0.07
8053 0.04
8054 0.12
8055 0.09
8056 0.29
8057 0.24
8058 0.15
8059 0.31
8060 0.24
8061 0.15
8062 0.41
8063 0.23
8064 0.08
8065 0.03
8066 0.31
8067 0.45
8068 0.16
8069 0.2
8070 0.06
8071 0.2
8072 0.21
8073 0.4
8074 0.52
8075 0.35
8076 0.32
8077 0.37
8078 0.12
8079 0.23
8080 0.36
8081 0.08
8082 0
8083 0.24
8084 0.29
8085 0.1
8086 0.49
8087 0.31
8088 0.68
8089 0.11
8090 0.04
8091 0.03
8092 0.19
8093 0.21
8094 0.02
8095 0.14
8096 0.06
8097 0.15
8098 0.07
8099 0.03
8100 0.24
8101 0.37
8102 0.22
8103 0.59
8104 0.59
8105 0.1
8106 0.14
8107 0.14
8108 0.05
8109 0.22
8110 0.22
8111 0.7
8112 0.06
8113 0.1
8114 0.16
8115 0.28
8116 0.01
8117 0.32
8118 0.09
8119 0.08
8120 0.2
8121 0.1
8122 0.04
8123 0.4
8124 0.07
8125 0.14
8126 0.16
8127 0.02
8128 0.06
8129 0.14
8130 0.21
8131 0.27
8132 0.31
8133 0.02
8134 0.27
8135 0.34
8136 0.22
8137 0.08
8138 0.11
8139 0.07
8140 0.17
8141 0.12
8142 0.07
8143 0.06
8144 0.17
8145 0.33
8146 0.04
8147 0.32
8148 0.14
8149 0.63
8150 0.18
8151 0.05
8152 0.29
8153 0.04
8154 0.35
8155 0.18
8156 0.17
8157 0.15
8158 0.05
8159 0.23
8160 0.14
8161 0.06
8162 0.06
8163 0.14
8164 0.08
8165 0.1
8166 0
8167 0.12
8168 0.03
8169 0.01
8170 0.31
8171 0.22
8172 0.07
8173 0.19
8174 0.09
8175 0.15
8176 0.16
8177 0.24
8178 0.19
8179 0.09
8180 0.21
8181 0.13
8182 0.21
8183 0.11
8184 0.16
8185 0
8186 0.23
8187 0.13
8188 0.14
8189 0.27
8190 0.02
8191 0.4
8192 0.01
8193 0.49
8194 0.14
8195 0.23
8196 0.18
8197 0.03
8198 0.1
8199 0.21
8200 0.06
8201 0.19
8202 0.66
8203 0.13
8204 0.22
8205 0.04
8206 0.09
8207 0.02
8208 0.19
8209 0.31
8210 0.33
8211 0.09
8212 0.13
8213 0.22
8214 0.16
8215 0.12
8216 0.05
8217 0.07
8218 0.18
8219 0.34
8220 0.13
8221 0.1
8222 0.06
8223 0.19
8224 0.18
8225 0.23
8226 0.17
8227 0.25
8228 0.17
8229 0.18
8230 0.03
8231 0.32
8232 0.09
8233 0.17
8234 0.22
8235 0.22
8236 0.07
8237 0.26
8238 0.17
8239 0.05
8240 0.16
8241 0.17
8242 0.1
8243 0.24
8244 0.84
8245 0.06
8246 0.22
8247 0.11
8248 0.08
8249 0.23
8250 0.12
8251 0.05
8252 0.06
8253 0.21
8254 0.11
8255 0.05
8256 0.19
8257 0.61
8258 0.42
8259 0.14
8260 0.29
8261 0.07
8262 0.15
8263 0.28
8264 0.22
8265 0.13
8266 0.1
8267 0.16
8268 0.52
8269 0.25
8270 0.19
8271 0.07
8272 0.11
8273 0.14
8274 0.1
8275 0.22
8276 0.08
8277 0.22
8278 0.18
8279 0.1
8280 0.31
8281 0.22
8282 0.36
8283 0.41
8284 0.08
8285 0.24
8286 0.15
8287 0.09
8288 0.25
8289 0.05
8290 0.16
8291 0.04
8292 0.38
8293 0.08
8294 0.08
8295 0.43
8296 0.11
8297 0.07
8298 0.11
8299 0.25
8300 0.13
8301 0.09
8302 0.45
8303 0.07
8304 0.28
8305 0.31
8306 0.18
8307 0.11
8308 0.23
8309 0.14
8310 0.05
8311 0.12
8312 0.25
8313 0.09
8314 0.2
8315 0.08
8316 0.07
8317 0.21
8318 0.31
8319 0.3
8320 0.19
8321 0.25
8322 0.01
8323 0.57
8324 0.14
8325 0.13
8326 0.09
8327 0.07
8328 0.07
8329 0.32
8330 0.06
8331 0.23
8332 0.23
8333 0.16
8334 0.05
8335 0.15
8336 0.43
8337 0.17
8338 0.12
8339 0.18
8340 0.13
8341 0.03
8342 0.08
8343 0.07
8344 0.17
8345 0.3
8346 0.26
8347 0.31
8348 0.09
8349 0.09
8350 0.45
8351 0.29
8352 0.14
8353 0.1
8354 0.14
8355 0.17
8356 0.03
8357 0.2
8358 0.07
8359 0.29
8360 0.2
8361 0.15
8362 0.33
8363 0.18
8364 0.18
8365 0.3
8366 0.28
8367 0.11
8368 0.16
8369 0.05
8370 0.33
8371 0.27
8372 0.09
8373 0.01
8374 0.05
8375 0.12
8376 0.28
8377 0.22
8378 0.2
8379 0.11
8380 0.11
8381 0.04
8382 0.22
8383 0.1
8384 0.05
8385 0.13
8386 0.04
8387 0.36
8388 0.04
8389 0.18
8390 0.22
8391 0.12
8392 0.34
8393 0.16
8394 0.11
8395 0.34
8396 0.16
8397 0.11
8398 0.07
8399 0.12
8400 0.18
8401 0.17
8402 0.22
8403 0.24
8404 0.12
8405 0.37
8406 0.23
8407 0.16
8408 0.23
8409 0.28
8410 0.26
8411 0.08
8412 0.16
8413 0.05
8414 0.1
8415 0.17
8416 0
8417 0.2
8418 0.17
8419 0.12
8420 0.19
8421 0.09
8422 0.28
8423 0.15
8424 0.28
8425 0.13
8426 0.07
8427 0.2
8428 0.35
8429 0.25
8430 0.22
8431 0.1
8432 0.1
8433 0.06
8434 0.24
8435 0.03
8436 0.29
8437 0.24
8438 0.15
8439 0.18
8440 0.48
8441 0.17
8442 0.12
8443 0.06
8444 0.11
8445 0.05
8446 0.14
8447 0.03
8448 0.15
8449 0.19
8450 0.21
8451 0.43
8452 0.52
8453 0.12
8454 0.48
8455 0.03
8456 0.25
8457 0.07
8458 0.16
8459 0.14
8460 0.06
8461 0.19
8462 0.26
8463 0.55
8464 0.29
8465 0.13
8466 0.15
8467 0.1
8468 0.22
8469 0.18
8470 0.24
8471 0.28
8472 0.08
8473 0.16
8474 0.22
8475 0.19
8476 0.17
8477 0.24
8478 0.1
8479 0.37
8480 0.43
8481 0.48
8482 0.11
8483 0.02
8484 0.09
8485 0.37
8486 0.15
8487 0.13
8488 0.13
8489 0.18
8490 0.18
8491 0.22
8492 0
8493 0.13
8494 0.2
8495 0.2
8496 0.37
8497 0.2
8498 0
8499 0.13
8500 0.2
8501 0.4
8502 0.43
8503 0.1
8504 0.41
8505 0.16
8506 0.08
8507 0.04
8508 0.15
8509 0.55
8510 0.11
8511 0.12
8512 0.35
8513 0.13
8514 0.06
8515 0.15
8516 0.24
8517 0.06
8518 0.08
8519 0.21
8520 0.12
8521 0.09
8522 0.14
8523 0.07
8524 0.07
8525 0.05
8526 0.15
8527 0.33
8528 0.15
8529 0.06
8530 0.2
8531 0.13
8532 0.07
8533 0.11
8534 0.22
8535 0.21
8536 0.39
8537 0.29
8538 0.29
8539 0.24
8540 0.19
8541 0.12
8542 0.11
8543 0.27
8544 0.1
8545 0.1
8546 0.08
8547 0.04
8548 0.2
8549 0.11
8550 0.25
8551 0.25
8552 0.14
8553 0.13
8554 0.24
8555 0.13
8556 0.21
8557 0.05
8558 0.13
8559 0.22
8560 0.22
8561 0.06
8562 0.12
8563 0.37
8564 0.37
8565 0.29
8566 0.05
8567 0.12
8568 0.29
8569 0.17
8570 0.32
8571 0.46
8572 0.55
8573 0.3
8574 0.23
8575 0.15
8576 0.04
8577 0.1
8578 0.17
8579 0.1
8580 0.13
8581 0.12
8582 0.1
8583 0.15
8584 0.07
8585 0.34
8586 0.04
8587 0.18
8588 0.07
8589 0.1
8590 0.3
8591 0.14
8592 0.17
8593 0.24
8594 0.06
8595 0.22
8596 0.13
8597 0.3
8598 0.12
8599 0.37
8600 0.08
8601 0.39
8602 0
8603 0.31
8604 0.44
8605 0.21
8606 0.3
8607 0.07
8608 0.26
8609 0.33
8610 0.15
8611 0.12
8612 0.15
8613 0.27
8614 0.29
8615 0.04
8616 0.09
8617 0.21
8618 0.27
8619 0.24
8620 0.1
8621 0.1
8622 0.37
8623 0.16
8624 0.15
8625 0.13
8626 0.07
8627 0.16
8628 0.12
8629 0.01
8630 0.1
8631 0.26
8632 0.33
8633 0.36
8634 0.16
8635 0.06
8636 0.16
8637 0.16
8638 0.25
8639 0.13
8640 0.28
8641 0.13
8642 0.25
8643 0.06
8644 0.18
8645 0.23
8646 0.15
8647 0
8648 0.22
8649 0.11
8650 0.08
8651 0.05
8652 0.04
8653 0.01
8654 0.24
8655 0.16
8656 0.09
8657 0.22
8658 0.26
8659 0.11
8660 0.22
8661 0.12
8662 0.11
8663 0.11
8664 0.09
8665 0.3
8666 0.08
8667 0.29
8668 0.15
8669 0.34
8670 0.17
8671 0.21
8672 0.44
8673 0.26
8674 0.06
8675 0.35
8676 0.1
8677 0.18
8678 0.26
8679 0.15
8680 0.03
8681 0.16
8682 0.16
8683 0.16
8684 0.18
8685 0.64
8686 0.06
8687 0.11
8688 0.12
8689 0.11
8690 0.26
8691 0.17
8692 0.05
8693 0.15
8694 0.01
8695 0.02
8696 0.08
8697 0.09
8698 0.04
8699 0.36
8700 0.37
8701 0.24
8702 0.27
8703 0.25
8704 0.08
8705 0.22
8706 0.15
8707 0.17
8708 0.08
8709 0.07
8710 0.29
8711 0.06
8712 0.22
8713 0.29
8714 0.1
8715 0.17
8716 0.08
8717 0.34
8718 0.2
8719 0.22
8720 0.14
8721 0.14
8722 0.31
8723 0.1
8724 0.2
8725 0.06
8726 0.18
8727 0.1
8728 0.41
8729 0.14
8730 0.13
8731 0.12
8732 0.16
8733 0.23
8734 0
8735 0.18
8736 0.34
8737 0.16
8738 0.35
8739 0.18
8740 0.13
8741 0.22
8742 0.11
8743 0.33
8744 0.06
8745 0.14
8746 0.28
8747 0.09
8748 0.36
8749 0.04
8750 0.17
8751 0.07
8752 0.31
8753 0.1
8754 0.22
8755 0.29
8756 0.42
8757 0.1
8758 0.13
8759 0.26
8760 0.07
8761 0.04
8762 0.3
8763 0.15
8764 0.06
8765 0.51
8766 0.2
8767 0.24
8768 0.07
8769 0.23
8770 0.55
8771 0.04
8772 0.18
8773 0.41
8774 0.18
8775 0.1
8776 0.26
8777 0.11
8778 0.22
8779 0.04
8780 0.15
8781 0.38
8782 0.09
8783 0.2
8784 0.19
8785 0.11
8786 0.24
8787 0.13
8788 0.3
8789 0.12
8790 0.12
8791 0.45
8792 0.02
8793 0.04
8794 0.05
8795 0.15
8796 0.08
8797 0.38
8798 0.32
8799 0.16
8800 0.18
8801 0.16
8802 0.51
8803 0.15
8804 0.09
8805 0.11
8806 0.21
8807 0.12
8808 0.28
8809 0.14
8810 0.11
8811 0.16
8812 0.91
8813 0.16
8814 0.07
8815 0.15
8816 0.28
8817 0.04
8818 0.08
8819 0.12
8820 0.14
8821 0.08
8822 0.25
8823 0.19
8824 0.23
8825 0.03
8826 0.21
8827 0.2
8828 0.27
8829 0.21
8830 0.17
8831 0.3
8832 0.23
8833 0.3
8834 0.21
8835 0.58
8836 0.08
8837 0.03
8838 0.18
8839 0.21
8840 0.12
8841 0.12
8842 0.21
8843 0.22
8844 0.42
8845 0.09
8846 0.13
8847 0.06
8848 0.48
8849 0.08
8850 0.23
8851 0.1
8852 0.18
8853 0.11
8854 0.01
8855 0.02
8856 0.19
8857 0.17
8858 0.07
8859 0.33
8860 0.1
8861 0.17
8862 0.23
8863 0.08
8864 0.15
8865 0.31
8866 0.08
8867 0.35
8868 0.44
8869 0.42
8870 0.04
8871 0.16
8872 0.3
8873 0.12
8874 0.15
8875 0.1
8876 0.25
8877 0.25
8878 0.22
8879 0.15
8880 0.12
8881 0.29
8882 0.16
8883 0.09
8884 0.06
8885 0.06
8886 0.03
8887 0.22
8888 0.44
8889 0.17
8890 0.14
8891 0.32
8892 0.12
8893 0.02
8894 0.1
8895 0.17
8896 0.11
8897 0.28
8898 0.19
8899 0.08
8900 0.01
8901 0.06
8902 0.16
8903 0.03
8904 0.65
8905 0.07
8906 0.23
8907 0.19
8908 0.33
8909 0.42
8910 0.07
8911 0.14
8912 0.35
8913 0.29
8914 0.1
8915 0.1
8916 0.1
8917 0.11
8918 0.18
8919 0.28
8920 0.11
8921 0.1
8922 0.2
8923 0.09
8924 0.03
8925 0.2
8926 0.4
8927 0.12
8928 0.15
8929 0.02
8930 0.34
8931 0.09
8932 0.05
8933 0.16
8934 0.23
8935 0.15
8936 0.08
8937 0.38
8938 0.25
8939 0.3
8940 0.38
8941 0.3
8942 0.2
8943 0.05
8944 0.26
8945 0.06
8946 0.04
8947 0.29
8948 0.11
8949 0.24
8950 0.08
8951 0.29
8952 0.31
8953 0.06
8954 0.09
8955 0.17
8956 0.17
8957 0.03
8958 0.25
8959 0.23
8960 0.12
8961 0.39
8962 0.12
8963 0.03
8964 0.07
8965 0.11
8966 0.4
8967 0.06
8968 0.3
8969 0.02
8970 0.01
8971 0.05
8972 0.08
8973 0.01
8974 0.14
8975 0.14
8976 0.09
8977 0.27
8978 0.66
8979 0.31
8980 0.06
8981 0.71
8982 0.23
8983 0.24
8984 0.17
8985 0.23
8986 0.47
8987 0.19
8988 0.09
8989 0.17
8990 0.05
8991 0.44
8992 0.02
8993 0.37
8994 0.05
8995 0.42
8996 0.03
8997 0.48
8998 0.1
8999 0.23
9000 0.2
9001 0.45
9002 0.18
9003 0.14
9004 0.23
9005 0.45
9006 0.23
9007 0.03
9008 0.13
9009 0.19
9010 0.22
9011 0.09
9012 0.26
9013 0.48
9014 0.19
9015 0.38
9016 0.57
9017 0.16
9018 0.02
9019 0.11
9020 0.48
9021 0.12
9022 0.04
9023 0.14
9024 0.08
9025 0.14
9026 0.06
9027 0.09
9028 0.13
9029 0.78
9030 0.37
9031 0.31
9032 0.02
9033 0.33
9034 0.07
9035 0.27
9036 0.15
9037 0.5
9038 0.27
9039 0.02
9040 0.31
9041 0.1
9042 0.36
9043 0.09
9044 0.07
9045 0.08
9046 0.02
9047 0.17
9048 0.14
9049 0.01
9050 0.48
9051 0.21
9052 0.05
9053 0.05
9054 0.16
9055 0.17
9056 0.13
9057 0.36
9058 0.04
9059 0.28
9060 0.06
9061 0.19
9062 0.07
9063 0.05
9064 0.07
9065 0.08
9066 0.21
9067 0.26
9068 0.06
9069 0.25
9070 0.17
9071 0.16
9072 0.1
9073 0.07
9074 0.08
9075 0.16
9076 0.33
9077 0.11
9078 0.16
9079 0.39
9080 0.15
9081 0.07
9082 0.07
9083 0.01
9084 0.07
9085 0.27
9086 0.28
9087 0.39
9088 0.12
9089 0.31
9090 0.16
9091 0.23
9092 0.25
9093 0.08
9094 0.09
9095 0.11
9096 0.05
9097 0.07
9098 0.16
9099 0.19
9100 0.03
9101 0.09
9102 0.19
9103 0.31
9104 0.1
9105 0.47
9106 0.04
9107 0.32
9108 0.03
9109 0.13
9110 0.26
9111 0.08
9112 0.45
9113 0.15
9114 0.22
9115 0.22
9116 0.17
9117 0.26
9118 0.46
9119 0.28
9120 0.19
9121 0.52
9122 0.19
9123 0.11
9124 0.03
9125 0.6
9126 0.05
9127 0.3
9128 0.05
9129 0.35
9130 0.14
9131 0.06
9132 0.29
9133 0.06
9134 0.35
9135 0.12
9136 0.33
9137 0.09
9138 0.06
9139 0.12
9140 0.17
9141 0.3
9142 0.18
9143 0.26
9144 0.15
9145 0.26
9146 0.12
9147 0.24
9148 0.62
9149 0.4
9150 0.14
9151 0.33
9152 0.2
9153 0.12
9154 0.28
9155 0.03
9156 0.27
9157 0.15
9158 0.13
9159 0.11
9160 0.2
9161 0.21
9162 0.27
9163 0.1
9164 0.15
9165 0.2
9166 0.06
9167 0.05
9168 0.09
9169 0.05
9170 0.06
9171 0.53
9172 0
9173 0.38
9174 0.54
9175 0.36
9176 0.13
9177 0.13
9178 0.09
9179 0.08
9180 0.03
9181 0.14
9182 0.09
9183 0.55
9184 0.43
9185 0.32
9186 0.54
9187 0.18
9188 0.17
9189 0.22
9190 0.15
9191 0.12
9192 0.44
9193 0.21
9194 0.14
9195 0.08
9196 0
9197 0.16
9198 0.26
9199 0.05
9200 0.27
9201 0.09
9202 0.08
9203 0.12
9204 0.11
9205 0.03
9206 0.2
9207 0.24
9208 0
9209 0.29
9210 0.49
9211 0.25
9212 0.2
9213 0.29
9214 0.09
9215 0.03
9216 0.12
9217 0.28
9218 0.16
9219 0.18
9220 0.24
9221 0.13
9222 0.63
9223 0.04
9224 0.27
9225 0.42
9226 0.23
9227 0.08
9228 0.03
9229 0.27
9230 0.37
9231 0.07
9232 0.12
9233 0.05
9234 0.07
9235 0.16
9236 0.14
9237 0.08
9238 0.05
9239 0.05
9240 0.76
9241 0.26
9242 0.12
9243 0.32
9244 0.28
9245 0.16
9246 0.21
9247 0.26
9248 0.28
9249 0.17
9250 0.07
9251 0.32
9252 0.19
9253 0.45
9254 0.29
9255 0.22
9256 0.55
9257 0.34
9258 0.15
9259 0.22
9260 0.19
9261 0.05
9262 0.14
9263 0.12
9264 0.22
9265 0.34
9266 0.06
9267 0.12
9268 0.11
9269 0.49
9270 0.06
9271 0.26
9272 0.19
9273 0.12
9274 0.2
9275 0.02
9276 0.24
9277 0.12
9278 0.13
9279 0.08
9280 0.21
9281 0
9282 0
9283 0.13
9284 0.06
9285 0.23
9286 0.05
9287 0.09
9288 0.11
9289 0.15
9290 0.19
9291 0.2
9292 0.06
9293 0.04
9294 0.37
9295 0.12
9296 0.11
9297 0.24
9298 0.02
9299 0.03
9300 0.07
9301 0.19
9302 0.45
9303 0.23
9304 0.03
9305 0.23
9306 0.17
9307 0.05
9308 0.04
9309 0.23
9310 0.12
9311 0.3
9312 0.24
9313 0.01
9314 0.15
9315 0.19
9316 0.14
9317 0.03
9318 0.19
9319 0.33
9320 0.05
9321 0.25
9322 0.12
9323 0.28
9324 0.13
9325 0.12
9326 0.14
9327 0.19
9328 0.26
9329 0.02
9330 0.36
9331 0.05
9332 0.22
9333 0.13
9334 0.17
9335 0.1
9336 0.08
9337 0.05
9338 0.19
9339 0.25
9340 0.08
9341 0.13
9342 0.31
9343 0.32
9344 0.1
9345 0.09
9346 0.25
9347 0.08
9348 0.27
9349 0.46
9350 0.09
9351 0.03
9352 0.03
9353 0.17
9354 0.16
9355 0.04
9356 0.21
9357 0.12
9358 0.22
9359 0.01
9360 0.11
9361 0.24
9362 0.46
9363 0.1
9364 0.46
9365 0.15
9366 0.12
9367 0.25
9368 0.15
9369 0.21
9370 0.11
9371 0.03
9372 0.16
9373 0.15
9374 0.11
9375 0.25
9376 0.15
9377 0.25
9378 0.02
9379 0.04
9380 0.14
9381 0.1
9382 0.21
9383 0.38
9384 0.14
9385 0.26
9386 0.18
9387 0.18
9388 0.05
9389 0.1
9390 0.27
9391 0.19
9392 0.12
9393 0.3
9394 0.16
9395 0.19
9396 0.34
9397 0.14
9398 0.13
9399 0.15
9400 0.12
9401 0.23
9402 0.14
9403 0.32
9404 0.2
9405 0.12
9406 0.16
9407 0.02
9408 0.32
9409 0.13
9410 0.05
9411 0.16
9412 0.05
9413 0.25
9414 0.05
9415 0.1
9416 0.2
9417 0.05
9418 0.17
9419 0.08
9420 0.2
9421 0.22
9422 0.12
9423 0.18
9424 0.39
9425 0.16
9426 0.16
9427 0.23
9428 0.28
9429 0.12
9430 0.08
9431 0.16
9432 0.35
9433 0.32
9434 0.07
9435 0.06
9436 0.02
9437 0.13
9438 0.05
9439 0.41
9440 0.08
9441 0.48
9442 0.22
9443 0.25
9444 0.09
9445 0.05
9446 0.17
9447 0.02
9448 0.27
9449 0.15
9450 0.2
9451 0.06
9452 0.19
9453 0.29
9454 0.41
9455 0.21
9456 0.12
9457 0.19
9458 0.13
9459 0.23
9460 0.27
9461 0.12
9462 0.1
9463 0.03
9464 0.19
9465 0.04
9466 0.08
9467 0.05
9468 0.61
9469 0.13
9470 0.19
9471 0.21
9472 0.05
9473 0.19
9474 0.11
9475 0.16
9476 0.26
9477 0.09
9478 0.07
9479 0.23
9480 0.05
9481 0.15
9482 0.06
9483 0.27
9484 0.16
9485 0.23
9486 0.28
9487 0.22
9488 0.6
9489 0.17
9490 0.03
9491 0.13
9492 0.29
9493 0.24
9494 0.01
9495 0.1
9496 0.13
9497 0.23
9498 0
9499 0.07
9500 0.11
9501 0.02
9502 0.3
9503 0.21
9504 0.16
9505 0.14
9506 0.15
9507 0.13
9508 0.42
9509 0.29
9510 0.11
9511 0.13
9512 0.11
9513 0.15
9514 0.22
9515 0.14
9516 0.17
9517 0.03
9518 0.2
9519 0.52
9520 0.05
9521 0.38
9522 0.09
9523 0.28
9524 0.34
9525 0.25
9526 0.12
9527 0.08
9528 0.16
9529 0.15
9530 0.41
9531 0.08
9532 0.45
9533 0.54
9534 0.04
9535 0.22
9536 0.24
9537 0.2
9538 0.11
9539 0.08
9540 0.12
9541 0.17
9542 0.37
9543 0.07
9544 0.2
9545 0.22
9546 0.07
9547 0.09
9548 0.1
9549 0.05
9550 0.03
9551 0.19
9552 0.11
9553 0.16
9554 0.12
9555 0.17
9556 0.19
9557 0.17
9558 0.22
9559 0.15
9560 0.5
9561 0.08
9562 0.1
9563 0.06
9564 0.4
9565 0.29
9566 0.06
9567 0.34
9568 0.11
9569 0.09
9570 0.13
9571 0.33
9572 0.24
9573 0.14
9574 0.15
9575 0.42
9576 0.05
9577 0.14
9578 0.36
9579 0.27
9580 0.25
9581 0.2
9582 0.43
9583 0.2
9584 0.24
9585 0.28
9586 0.13
9587 0.09
9588 0.16
9589 0.09
9590 0.19
9591 0.06
9592 0.29
9593 0.13
9594 0.16
9595 0.05
9596 0.22
9597 0.35
9598 0.65
9599 0.26
9600 0.25
9601 0.17
9602 0.2
9603 0.1
9604 0.11
9605 0.16
9606 0.13
9607 0.14
9608 0.3
9609 0
9610 0.26
9611 0.27
9612 0.08
9613 0.15
9614 0.33
9615 0.12
9616 0.17
9617 0.19
9618 0.04
9619 0.06
9620 0.17
9621 0.36
9622 0.17
9623 0.26
9624 0.09
9625 0.36
9626 0.02
9627 0.1
9628 0.14
9629 0
9630 0.17
9631 0.12
9632 0.05
9633 0.12
9634 0.11
9635 0.53
9636 0.17
9637 0.1
9638 0.03
9639 0.06
9640 0.27
9641 0.14
9642 0.11
9643 0.25
9644 0.18
9645 0.12
9646 0.25
9647 0.1
9648 0.2
9649 0.19
9650 0.08
9651 0.26
9652 0.4
9653 0.16
9654 0.12
9655 0.29
9656 0.24
9657 0.13
9658 0.05
9659 0.14
9660 0.04
9661 0.21
9662 0.22
9663 0.13
9664 0.23
9665 0.1
9666 0.43
9667 0.21
9668 0.33
9669 0.06
9670 0.05
9671 0.12
9672 0.06
9673 0.11
9674 0.16
9675 0.13
9676 0.13
9677 0.14
9678 0.2
9679 0.45
9680 0.22
9681 0.11
9682 0.51
9683 0.22
9684 0.16
9685 0.26
9686 0.47
9687 0.16
9688 0.24
9689 0.05
9690 0.12
9691 0.14
9692 0.04
9693 0.73
9694 0.02
9695 0.08
9696 0.43
9697 0.12
9698 0.17
9699 0.31
9700 0.33
9701 0.17
9702 0.19
9703 0.18
9704 0.47
9705 0.12
9706 0.55
9707 0.39
9708 0.4
9709 0.43
9710 0.09
9711 0.03
9712 0.18
9713 0.17
9714 0.13
9715 0.09
9716 0.12
9717 0.28
9718 0.27
9719 0.19
9720 0.08
9721 0.21
9722 0.06
9723 0.25
9724 0.41
9725 0.29
9726 0.14
9727 0.03
9728 0.2
9729 0.08
9730 0.11
9731 0.26
9732 0.11
9733 0.27
9734 0.13
9735 0.06
9736 0.25
9737 0.08
9738 0.23
9739 0.47
9740 0.12
9741 0.06
9742 0.04
9743 0.09
9744 0.19
9745 0.25
9746 0.26
9747 0.07
9748 0.34
9749 0.17
9750 0.26
9751 0.25
9752 0.26
9753 0.3
9754 0.25
9755 0.05
9756 0.23
9757 0.14
9758 0.06
9759 0.06
9760 0.21
9761 0.14
9762 0.26
9763 0.32
9764 0.08
9765 0.32
9766 0.09
9767 0.26
9768 0.09
9769 0.07
9770 0
9771 0.3
9772 0.14
9773 0.1
9774 0.09
9775 0.14
9776 0.23
9777 0.13
9778 0.44
9779 0.18
9780 0.07
9781 0.23
9782 0.06
9783 0.19
9784 0.14
9785 0.09
9786 0.09
9787 0.07
9788 0.14
9789 0.05
9790 0.09
9791 0.44
9792 0.28
9793 0.06
9794 0.16
9795 0
9796 0.18
9797 0.27
9798 0.16
9799 0.12
9800 0.18
9801 0.19
9802 0.14
9803 0.09
9804 0.39
9805 0.07
9806 0.29
9807 0.17
9808 0.05
9809 0.01
9810 0.13
9811 0.15
9812 0.15
9813 0.05
9814 0.13
9815 0.08
9816 0.13
9817 0.24
9818 0.03
9819 0.06
9820 0.11
9821 0.06
9822 0.12
9823 0.16
9824 0.31
9825 0.11
9826 0.07
9827 0.07
9828 0.12
9829 0.08
9830 0.36
9831 0.13
9832 0.47
9833 0.33
9834 0.02
9835 0.23
9836 0.17
9837 0.22
9838 0.28
9839 0.61
9840 0.06
9841 0.05
9842 0.1
9843 0.25
9844 0.21
9845 0.14
9846 0.13
9847 0.33
9848 0.53
9849 0.24
9850 0.42
9851 0.18
9852 0.13
9853 0.5
9854 0.11
9855 0.08
9856 0.17
9857 0.17
9858 0.1
9859 0.52
9860 0.11
9861 0.13
9862 0.05
9863 0.12
9864 0.08
9865 0.3
9866 0.16
9867 0.21
9868 0.02
9869 0.02
9870 0.04
9871 0.14
9872 0.23
9873 0.07
9874 0.29
9875 0.16
9876 0
9877 0.33
9878 0.04
9879 0.15
9880 0.04
9881 0.09
9882 0.13
9883 0.08
9884 0.1
9885 0.07
9886 0.28
9887 0.14
9888 0.04
9889 0.21
9890 0.08
9891 0.11
9892 0.16
9893 0.25
9894 0.23
9895 0.39
9896 0.05
9897 0.39
9898 0.09
9899 0.17
9900 0.17
9901 0.15
9902 0.04
9903 0.63
9904 0.24
9905 0.22
9906 0.14
9907 0.12
9908 0.4
9909 0.2
9910 0.08
9911 0.09
9912 0.11
9913 0.28
9914 0.13
9915 0.49
9916 0
9917 0.38
9918 0.46
9919 0
9920 0.34
9921 0.33
9922 0.21
9923 0.13
9924 0.09
9925 0.04
9926 0.13
9927 0.11
9928 0.39
9929 0.14
9930 0.08
9931 0.15
9932 0.15
9933 0.25
9934 0.06
9935 0.04
9936 0.12
9937 0.25
9938 0.21
9939 0.18
9940 0.21
9941 0.29
9942 0.05
9943 0.18
9944 0.06
9945 0.12
9946 0.45
9947 0.13
9948 0.41
9949 0.07
9950 0.27
9951 0.28
9952 0.06
9953 0.42
9954 0.3
9955 0.08
9956 0.16
9957 0.26
9958 0.23
9959 0.09
9960 0.06
9961 0.41
9962 0.09
9963 0.18
9964 0.09
9965 0.35
9966 0.18
9967 0.24
9968 0.1
9969 0.16
9970 0.14
9971 0.18
9972 0.16
9973 0.28
9974 0.04
9975 0.35
9976 0.03
9977 0.13
9978 0.3
9979 0.08
9980 0.02
9981 0.09
9982 0.32
9983 0.18
9984 0.16
9985 0.12
9986 0.19
9987 0.2
9988 0.1
9989 0.09
9990 0.11
9991 0
9992 0.29
9993 0.12
9994 0.19
9995 0
9996 0.01
9997 0.25
9998 0.16
9999 0.12
